0	1585	1	2.4411657314141855
1	1587	1	2.2855167407977266
1	1590	1	2.0919349948861385
1	1591	0	0.43443014027386223
1	1592	0	1.3690527495854905
0	1593	1	0.7596481361513582
1	1594	1	4.492901814649396
1	1596	0	1.0845882675137781
1	1597	1	2.239499618716082
0	1601	1	6.195170794753101
1	1602	1	2.501369056380397
1	1603	1	2.831933633195576
1	1604	1	2.90527940486136
1	1606	1	1.0695201712581974
1	1607	1	0.49195055798763554
1	1608	0	2.414695672230619
1	1611	1	2.3677712164917684
1	1612	1	2.478849351881619
0	1613	1	5.222517312089972
1	1614	1	3.6425531613986077
1	1616	1	2.5505358953902992
1	1618	1	3.4048529501723834
1	1620	0	1.8771046738409687
1	1623	1	2.312652008955344
1	1624	1	2.4570060356523853
1	1625	1	1.3800921918994105
1	1626	0	0.9648760227824313
1	1627	1	1.5719263999153819
1	1632	0	0.48316004328055523
1	1634	1	1.8057479468726898
1	1635	1	0.3127841429502615
1	1639	1	3.240363535818203
1	1640	1	1.2076051464460453
0	1641	1	1.8540890491255657
0	1642	1	0.23648564836556504
1	1649	1	2.246179676870876
0	1653	0	2.0936549967982905
1	1656	1	2.16277185208773
1	1659	1	2.5465731990862266
0	1660	1	1.584881937437009
1	1661	1	2.4112168861406107
1	1662	1	0.3148858260459168
1	1664	1	0.6149195025633855
1	1667	1	2.923501361237687
1	1668	1	1.90689651944248
1	1670	0	0.36679399502022375
1	1671	1	1.4521855146504252
1	1672	1	3.5118434153432907
0	1673	0	1.12944887115937
1	1674	1	1.20228324974456
1	1676	1	1.5061767578453813
1	1677	1	0.7441979770553752
1	1682	0	0.3531038672706914
0	1683	1	0.2887002994300382
0	1685	0	1.4169913435424843
0	1686	0	0.588397055403656
1	1689	1	0.45881243263472454
0	1690	1	2.4912279905003163
1	1691	1	0.6781615763215966
1	1693	1	3.1288214581253464
1	1702	0	1.6453591415856403
1	1703	0	1.4583911681409347
1	1707	1	3.3824773111266087
1	1710	1	3.6493281968254916
1	1711	1	1.0861821014846516
1	1714	1	3.1336250260385277
1	1716	1	3.9327694324327855
1	1717	1	5.5496002285537145
1	1719	0	2.775616753019126
1	1722	0	3.163056775284892
0	1723	1	1.126794055957834
0	1727	0	1.293113366839029
0	1730	1	1.7443876778843246
1	1731	1	1.8662818385337092
0	1732	1	1.9043935631479787
0	1733	1	1.1642514198688643
1	1734	0	1.1468841833749266
1	1735	1	0.528718334888969
0	1736	1	1.347990702470563
1	1737	0	1.9481678969347707
0	1740	1	0.37927921451010005
1	1742	0	1.1585806266264098
0	1744	0	1.395258720147677
1	1746	1	2.1814041264179513
1	1747	1	1.4907214613405666
1	1748	1	1.0943582781923535
1	1749	1	0.3541519451530473
1	1752	1	0.6123858368163716
1	1754	1	1.4385892401097846
1	1756	1	0.17217715633255296
0	1760	0	0.8513485408254753
1	1761	1	2.1708319354636987
1	1764	1	2.2652094718250475
0	1765	1	0.46136321343425396
0	1766	1	3.12325668155384
0	1768	1	0.4269792973976465
1	1771	1	1.925479256044614
1	1772	1	3.0124216338333567
1	1773	1	2.42924341486938
1	1774	1	0.6522785256439
0	1775	1	0.45730310713668
1	1776	0	0.7229900356593656
0	1777	1	0.6225907611942979
0	1779	0	1.8792447997820012
1	1780	1	0.9938181716292901
0	1782	1	2.5608353267836814
0	1783	0	2.5599522035444338
1	1785	1	2.696285101127708
1	1791	1	8.86180854591345
1	1792	1	0.6263427141461063
1	1793	1	3.018999563919452
0	1796	0	1.5883116413457214
0	1798	1	3.9136571009531584
1	1799	1	0.19950465362868688
1	1800	1	1.4924677878922206
1	1803	1	0.7257479978776756
1	1804	0	1.0000305508889458
0	1805	1	0.3332205870665123
1	1806	1	0.9375221378420836
1	1807	1	1.5268731903976658
1	1808	1	2.3987858861629614
1	1812	1	2.375215330086099
1	1813	1	3.0898018198913255
1	1814	0	2.546023267364292
1	1815	1	4.1503816837686776
1	1819	0	0.7506207272141481
0	1824	1	1.1242915803274591
1	1825	0	2.1833407515326773
1	1826	1	3.3865732760139022
0	1827	1	1.2630256717351453
1	1828	1	0.573729585222246
0	1830	1	0.8034973912113182
0	1831	1	0.5256645741338959
1	1832	1	1.4241542061893242
0	1835	1	0.49463152764326984
1	1838	1	0.9444952299557485
1	1840	0	3.629253628985999
1	1841	1	2.52509052552501
1	1843	0	2.056353093371609
1	1844	0	0.484765128315531
1	1846	1	1.224944398693543
1	1847	1	0.48021217241581443
1	1848	1	1.8909704025012617
1	1850	1	3.2639268552708
1	1854	1	1.852537452926053
1	1858	1	7.081608174772728
1	1863	1	1.9171960117432898
0	1866	1	2.053307678261696
1	1867	0	1.4700637497275186
1	1868	1	0.3801793846768862
1	1870	1	2.4143961070301527
1	1876	1	2.1258921376028392
1	1877	1	0.6544670469842412
1	1881	1	3.1943934961154485
1	1883	0	2.2232232939754897
1	1884	0	1.752519880423536
1	1885	0	3.37738007821998
0	1886	1	1.4699435016260811
1	1888	1	1.6075639389973422
0	1889	1	5.005749517997088
0	1890	0	2.9139529535294777
1	1891	1	0.30938728999771675
0	1892	1	0.5231415732471443
1	1894	0	2.3953145674838985
1	1895	1	2.6785096855497805
0	1897	1	1.4327192776559265
1	1898	1	1.1933236763717323
1	1899	1	0.7070298082914689
1	1901	1	1.9140999213777168
1	1903	1	0.8766675342337552
0	1905	1	2.1435089879790463
1	1908	1	0.6366086985002868
0	1910	1	1.4624231820985027
1	1912	1	2.1456141814562533
1	1914	0	1.020304210351746
1	1916	1	0.7086842886781448
1	1920	1	1.4485761066364218
1	1924	1	0.41870224314146637
1	1925	1	2.4613100320227588
1	1930	1	6.685444636630688
1	1933	1	1.7525203419328028
1	1934	1	1.8950577162645927
1	1935	1	1.9410111840757802
1	1936	1	1.1993038710087427
1	1937	1	3.6578045668658667
0	1939	1	2.1006137984195123
1	1943	1	1.0436520681325123
1	1945	1	2.587407730998221
1	1946	1	1.8454307440119866
1	1947	1	2.9520662173080097
0	1950	1	1.823526840412512
1	1952	0	3.2875485037584173
1	1960	0	1.3777401258733295
1	1963	1	4.7805199772512905
0	1964	0	1.1785115218242104
1	1966	1	1.326488709959174
1	1967	1	1.8474212668745607
1	1968	1	5.03291133334705
0	1970	1	3.6070572124251448
0	1972	1	1.8274616881515282
1	1973	1	1.9902434901074475
