0	0.039163132	1	0.026773696896295024
0	0.039167505	1	0.01764403649181063
1	0.039171877	1	0.06989466494402717
0	0.039180622	1	0.009663635224141416
1	0.039184994	1	0.0711826529266107
1	0.039193739	1	0.01995752522086687
1	0.039211228	1	0.044756842245553236
1	0.039215601	1	0.06028010318024959
0	0.039219973	0	0.026397004937184915
1	0.039224345	1	0.02496983332208016
1	0.039228718	1	0.018544033389224623
1	0.039237462	1	0.02245606222491811
1	0.039246207	0	0.04232188869187475
1	0.039254952	0	0.013281347031784421
1	0.039259324	0	0.015531896645966388
0	0.039268069	1	0.008217037573738421
1	0.039272441	1	0.01361691409089545
1	0.039281186	1	0.04402589738066157
1	0.039298675	1	0.08528080264282646
1	0.039303048	0	0.013473863308476627
0	0.039311792	1	0.008266050150388601
1	0.039316165	0	0.12083207048884105
1	0.039324909	1	0.017479533248228773
1	0.039338026	0	0.012603258862617919
1	0.039346771	1	0.01824123318592892
0	0.039355516	1	0.02797292507939973
1	0.03936426	1	0.015199298568571688
0	0.039377377	1	0.012425402410599801
0	0.03938175	1	0.027262113347447093
1	0.039399239	1	0.07151508182236288
1	0.039412356	0	0.10525318758770856
0	0.039421101	0	0.012969772082978344
1	0.039425473	1	0.022408322338984075
1	0.039434218	0	0.04172940141437667
1	0.039442963	1	0.013905601510922775
1	0.039451707	0	0.017426333337507764
0	0.039460452	1	0.020642238942105495
1	0.039469197	1	0.14897723338644656
1	0.039473569	1	0.005931440416979055
1	0.039482314	0	0.0074989484721054095
1	0.039508548	0	0.017935918534727285
1	0.039521665	1	0.019496317286957488
1	0.03953041	1	0.08476149078561006
1	0.039534782	1	0.02469050392383303
1	0.039547899	1	0.02876384998520454
1	0.039552271	1	0.02607853622337196
0	0.039556644	1	0.021003141352517893
1	0.039561016	0	0.07873284462397727
0	0.039574133	1	0.016801172638457377
1	0.039578506	1	0.088627230892352
1	0.03958725	0	0.02130658806788424
1	0.039595995	1	0.054661037426844555
0	0.039622229	1	0.07932493044136955
1	0.039635346	0	0.04420784267168888
1	0.039652835	1	0.0899093209399594
1	0.03966158	1	0.038452277813585435
1	0.039670325	1	0.05410281148641077
1	0.039709676	1	0.030604239171070816
0	0.039714048	0	0.014800765588686681
0	0.039718421	1	0.034315468913050685
0	0.039722793	1	0.04248613902712461
1	0.039744655	1	0.021458157738030146
1	0.039749027	0	0.018867793760533987
1	0.0397534	1	0.012472262686730809
1	0.039757772	1	0.04142363915339893
0	0.039762144	1	0.017006643955791004
1	0.039766517	1	0.11068288328290546
1	0.039770889	1	0.03854535779782223
1	0.039784006	1	0.036862105463007784
1	0.039814612	1	0.05340101202502373
1	0.039818985	1	0.018599150438608627
1	0.039827729	0	0.026417132397249698
1	0.039836474	1	0.07804722924687922
1	0.039840846	1	0.012820854130763332
1	0.039853964	1	0.011675221894529804
1	0.039858336	1	0.037667976860684176
1	0.039862708	1	0.11803393836538048
1	0.039902059	1	0.041879939673373535
1	0.039906432	0	0.0208996134376713
1	0.039923921	1	0.015426386894100565
1	0.039937038	1	0.013998879000993988
1	0.039945783	1	0.01818394828973938
1	0.039950155	0	0.02060887522272839
1	0.039954528	1	0.010873297385463108
1	0.039963272	1	0.012233631773126731
1	0.039967645	1	0.06796860792773983
1	0.039972017	1	0.0024156990391657088
1	0.039976389	0	0.00863077671897874
1	0.039980762	1	0.029927680727702057
1	0.040002623	1	0.04494840628443932
1	0.04001574	1	0.010015389271389015
0	0.040020113	1	0.013980813814004754
0	0.040024485	0	0.029019954003609103
1	0.040028858	1	0.05252930729189792
1	0.040055092	1	0.020551619293607423
0	0.040068209	1	0.03149033269198765
0	0.040072581	0	0.005869026907441936
1	0.040076953	1	0.03434234570395716
1	0.040094443	0	0.015971724473587814
1	0.040098815	1	0.004910870082405359
1	0.040111932	1	0.025450105570881214
1	0.040116304	0	0.07199785955780394
1	0.040120677	1	0.007681084839666292
1	0.040129422	1	0.06526176658099826
0	0.040133794	0	0.020359253886042514
0	0.040142539	1	0.013209257763588299
0	0.040151283	0	0.019029858464006146
1	0.040160028	1	0.10720045534876
1	0.040168773	1	0.06291743482577523
1	0.040177517	1	0.07959101792593928
0	0.040190634	1	0.03588658139729877
1	0.040199379	1	0.014867091131953537
0	0.040203751	1	0.012046570640366079
1	0.040212496	1	0.04046152584903064
1	0.040229986	1	0.07932622941522022
1	0.040234358	1	0.03616904847878751
0	0.040243103	1	0.006066244556796604
1	0.040251847	1	0.059072611620368115
1	0.040264964	1	0.11827483147210045
0	0.040273709	0	0.023526293876641843
1	0.040278081	1	0.017470807756826585
1	0.040282454	1	0.05712345834055437
1	0.040291198	1	0.03774806565759861
1	0.040299943	1	0.03572279338504662
0	0.040308688	1	0.01491980757922458
1	0.04031306	1	0.06919977238252319
1	0.040317433	1	0.020367153237376815
1	0.04033055	1	0.013263555650274532
0	0.040334922	1	0.2190945758730446
1	0.040343667	1	0.015762590836276874
0	0.040348039	0	0.018444976254110786
1	0.040378645	1	0.020423646508285424
0	0.040383018	1	0.03456959036207923
0	0.040400507	1	0.010035685975378116
1	0.040413624	1	0.10570032274340252
0	0.040417997	1	0.03327292921374238
1	0.040426741	1	0.013436636408387007
1	0.040435486	1	0.010969959822735388
1	0.040439858	0	0.03185940496481453
0	0.040444231	1	0.01777556509429675
0	0.040448603	1	0.039298513541270445
1	0.040457348	1	0.03850286968078439
1	0.04046172	1	0.040240516555391036
0	0.040466092	1	0.017438092862680585
1	0.040483582	0	0.02582562002885647
1	0.040496699	1	0.09752414625085898
0	0.040514188	0	0.018424994741686657
0	0.04053605	0	0.011300082126056286
1	0.040540422	1	0.11184992227815031
0	0.040549167	1	0.021420112758755494
1	0.040553539	1	0.0813021155328526
1	0.040571029	0	0.01464094713352812
0	0.040588518	0	0.033998368208346265
1	0.040597263	1	0.032876127522087094
0	0.040614752	0	0.026784906718870984
0	0.040636614	1	0.019082610898657534
0	0.040640986	1	0.020656982167932412
0	0.040645359	0	0.015064346342095263
1	0.040654103	1	0.07093560674816263
1	0.040658476	1	0.06519598586873862
1	0.040662848	1	0.00895758581241844
1	0.04066722	1	0.022461359490676052
1	0.040671593	0	0.008674093377661464
0	0.040680338	1	0.028502292592417742
1	0.04068471	1	0.05824010112866147
1	0.040689082	0	0.10650722228264081
0	0.040693455	1	0.00670799939233812
1	0.040702199	0	0.02031332517245372
1	0.040710944	0	0.028614457525962516
0	0.040715316	1	0.04106879205531086
1	0.040719689	1	0.01644193881757912
1	0.040724061	1	0.022048475115308667
1	0.040728433	1	0.027775328232599927
1	0.040732806	0	0.06541784686926652
1	0.04074155	1	0.015351822934576917
1	0.040750295	1	0.024791996455877166
1	0.040780902	1	0.029883399759154272
1	0.040789646	1	0.024996039243142504
1	0.040794019	1	0.0347189378911952
1	0.040802763	1	0.04166640588768821
1	0.040807136	1	0.010984385905657939
0	0.040811508	1	0.013937423956160813
1	0.04081588	1	0.08181331533752591
0	0.040820253	1	0.006275601868752573
1	0.040828997	1	0.11382059258431798
1	0.040846487	1	0.023088259192397317
0	0.040859604	0	0.01655233033927291
0	0.040868349	1	0.01997735959972709
1	0.040877093	1	0.07379089514581745
1	0.040881466	1	0.06374879357888107
1	0.04089021	1	0.011574776004936794
1	0.040894583	1	0.021352369362003635
0	0.040898955	0	0.023161750407166948
1	0.040903327	0	0.010869807792925262
1	0.0409077	1	0.01593628822877873
0	0.040929561	1	0.02637778373357022
1	0.040951423	1	0.041211337706255666
1	0.040960168	1	0.11429482579246894
1	0.040977657	0	0.018720409295106502
1	0.04098203	1	0.08570208106963804
1	0.040986402	1	0.015693147500073983
1	0.040999519	1	0.014861218208934388
1	0.041003891	0	0.022058703477531878
1	0.041012636	1	0.007787930074703165
1	0.041025753	1	0.017452602169412506
1	0.041034498	1	0.11741518779889454
1	0.04103887	1	0.03145105008952716
0	0.041043243	0	0.019539219868763096
0	0.041051987	0	0.015369688086176718
0	0.041060732	1	0.10282628168776232
1	0.041073849	1	0.11826695718010326
0	0.041078221	1	0.01394743161485979
0	0.041082594	1	0.011006046006145546
1	0.041086966	1	0.034794017680497814
1	0.041104455	1	0.01777213493044448
1	0.041108828	1	0.18610217893739855
0	0.041121945	1	0.023029297498163296
1	0.04113069	1	0.02440460169193875
0	0.041148179	0	0.07861596983920761
1	0.041152551	1	0.03848433579402404
0	0.041161296	0	0.008141023342775784
0	0.041165668	1	0.016999598937416482
1	0.041170041	1	0.011998414181095289
1	0.041174413	1	0.08811670807486431
1	0.04118753	1	0.0188576769184183
1	0.041200647	1	0.011080926022918955
1	0.041205019	1	0.09883908851022288
1	0.041209392	1	0.012305896533473132
1	0.041218137	1	0.0283685191197849
0	0.041231254	1	0.03713132670941257
0	0.041235626	1	0.008949977935359786
0	0.041248743	1	0.05018284719885638
1	0.041253115	1	0.024912833267622943
0	0.041257488	1	0.020437763760373824
0	0.041274977	1	0.026814356877263464
1	0.041296839	1	0.11522213627169821
1	0.041305583	1	0.036704608263309575
1	0.041309956	1	0.02530665076176113
1	0.041323073	1	0.03082129412828678
1	0.041327445	1	0.06720907471186492
0	0.041340562	1	0.018651086748687366
1	0.041353679	1	0.018757019740198222
1	0.041358052	1	0.02079427984175521
1	0.041362424	0	0.012851866248196113
1	0.041375541	1	0.013975596030495582
1	0.041379913	1	0.057441247954424415
1	0.04139303	1	0.05065972097839421
0	0.041397403	0	0.01853153111707703
1	0.041406148	1	0.07461293207000409
1	0.041414892	1	0.11632094413681245
1	0.041423637	1	0.07626103095698711
1	0.041441126	1	0.009225679407835276
1	0.041449871	0	0.027154687574091316
1	0.041454243	1	0.011858745528020659
1	0.041471733	1	0.016710775764033185
1	0.041476105	1	0.008270118696330894
0	0.041480477	0	0.014077527225933051
1	0.041489222	1	0.07364865774430128
1	0.041493595	1	0.010217976083962849
1	0.041515456	1	0.12619916856351054
1	0.041537318	1	0.013022177710417018
0	0.04154169	0	0.009435443863371274
1	0.04155918	0	0.015408611933042509
0	0.041567924	0	0.023349010941036086
1	0.041572297	1	0.1115378500750473
0	0.041589786	1	0.009941266871304802
1	0.041598531	1	0.022455920535194625
1	0.041602903	1	0.1660187040330402
0	0.04161602	1	0.042187076280744924
1	0.041620393	1	0.041723945954344144
1	0.041629137	1	0.04339762639109315
0	0.041637882	1	0.017727317689483248
1	0.041655371	1	0.03152865867427251
1	0.041664116	0	0.05831662767030313
1	0.041668488	1	0.11823172700818366
0	0.041677233	0	0.013842890691059468
0	0.041681606	1	0.0298470673730615
1	0.04169035	1	0.029855559806965366
1	0.041712212	1	0.04803792319393038
1	0.041716584	1	0.06446489214291246
0	0.041755935	1	0.021251787328632542
1	0.041760308	1	0.02817772602808073
0	0.04176468	0	0.015538261540766722
1	0.041769053	1	0.0915114987656464
0	0.041773425	1	0.02048161712025421
1	0.041777797	1	0.0830720200508574
0	0.041790914	1	0.009639221586514021
1	0.041799659	1	0.03996659989011019
0	0.041812776	1	0.02066882484920768
1	0.041821521	1	0.016657124121655823
0	0.041830265	1	0.027219658884561234
1	0.04183901	0	0.0636310013221161
0	0.041856499	1	0.012617196239629981
1	0.041865244	1	0.03857463862673095
1	0.041869617	0	0.02897570401385301
0	0.041878361	1	0.02312896853610268
1	0.041887106	1	0.023541970943104243
1	0.041900223	1	0.06294363972936066
1	0.041904595	1	0.016536777045348314
1	0.04191334	1	0.016623336419715536
1	0.041922085	1	0.08506488327215743
1	0.041926457	1	0.007826801115339779
1	0.041930829	1	0.03104916562638295
1	0.041939574	0	0.030767261453985333
1	0.041952691	0	0.035817586610453186
1	0.041965808	0	0.0031455883632488663
1	0.041970181	1	0.09104662468111413
1	0.041974553	0	0.08976512861402093
0	0.041978925	1	0.01693902575594249
1	0.041983298	1	0.052404689945037046
0	0.041992042	1	0.011929331579041075
1	0.041996415	1	0.07308967838852719
1	0.042022649	0	0.019283136579140957
0	0.042027021	1	0.01435192718471076
1	0.042035766	1	0.1821008954952631
0	0.042040138	1	0.07225336797683869
1	0.042057628	1	0.12866165021696588
1	0.042062	1	0.08842160991552848
1	0.042066372	1	0.08967996644767785
1	0.042070745	1	0.016119358425725188
0	0.042079489	1	0.02299147766382517
1	0.042105723	1	0.042619593525518855
0	0.042123213	1	0.06795850568559482
1	0.042131958	1	0.07990273265542634
1	0.042140702	0	0.02242916716332514
0	0.042145075	0	0.009264712123118237
1	0.042149447	1	0.02210075501595535
0	0.042158192	1	0.015247255501784867
1	0.042162564	1	0.034697130185043286
0	0.042171309	1	0.01382761520328475
1	0.042184426	0	0.0975612281340796
1	0.042188798	1	0.03815501449609339
1	0.04219317	0	0.028701152854757727
0	0.042197543	1	0.008545521429484634
1	0.042206287	1	0.011970970387678963
0	0.04221066	0	0.01995429284452382
1	0.042215032	1	0.0144127450155836
1	0.042236894	1	0.014429172477840127
1	0.042241266	1	0.029994693981311292
0	0.042245639	0	0.05132488825344677
1	0.042250011	1	0.10709511778867223
1	0.042258756	1	0.08724171172643368
1	0.0422675	1	0.0748370301488191
1	0.042289362	0	0.0641010422955806
0	0.042293734	1	0.020721023543340166
0	0.042298107	1	0.0031057496324361326
1	0.042324341	1	0.014181920887571859
1	0.042328713	1	0.018686785873105904
1	0.042337458	1	0.007826273014916408
0	0.04234183	1	0.024370205824296706
0	0.042354947	1	0.01039567515724708
1	0.042363692	1	0.01925119463225987
1	0.042368064	0	0.018839531111940654
1	0.042372437	1	0.07750847872607963
1	0.042376809	1	0.06904391733474659
0	0.042381181	1	0.025837777854578633
1	0.042394298	1	0.029567185829263282
1	0.042403043	0	0.020774352587548815
1	0.042429277	0	0.012290582515795156
0	0.04243365	0	0.007287643663703706
0	0.042442394	1	0.02520771094447896
0	0.042446767	0	0.019139984988242025
1	0.042455511	0	0.005690492749374931
1	0.042464256	0	0.10226068860344957
1	0.042477373	1	0.015567286376762829
1	0.042481745	0	0.17812417899938415
1	0.042494862	1	0.12076289689576024
1	0.042499235	1	0.026659583359539413
0	0.042503607	0	0.012924996608620279
0	0.04250798	0	0.020248491224006744
1	0.042512352	1	0.0365514567736841
1	0.042521097	1	0.10082053344199067
1	0.042534214	1	0.06623171376225788
1	0.042542958	1	0.08876926478678882
1	0.042551703	1	0.06340184050826365
1	0.042556075	1	0.031140467297521658
1	0.042573565	0	0.014968245688424317
1	0.042577937	1	0.01215694577130324
1	0.042582309	0	0.11526181127241648
1	0.042586682	1	0.11748827354640153
0	0.042591054	0	0.025177878827517642
1	0.042608544	0	0.009487374241384915
1	0.042612916	1	0.019297365633311653
1	0.042621661	1	0.0155493730406346
0	0.042630405	0	0.022601296060911543
1	0.042647895	1	0.15063795618888426
1	0.042652267	1	0.16878008397620378
1	0.042661012	1	0.015094208182221921
0	0.042665384	0	0.04364091946608469
1	0.042669756	1	0.01717125982233956
1	0.042674129	0	0.010949171164412207
0	0.042678501	1	0.05053479725800932
1	0.042691618	1	0.010725666424914059
1	0.042700363	1	0.09562802697575025
1	0.042709108	1	0.07952122500017322
1	0.04271348	0	0.02789590313514186
0	0.042717852	0	0.018466269701168613
1	0.042722225	1	0.051179267651329304
1	0.042730969	1	0.025907492768251782
1	0.042744086	1	0.0518943501039609
0	0.042748459	1	0.03335429850133785
0	0.042752831	1	0.040914221339889006
1	0.042757203	1	0.01727999155334434
1	0.042765948	1	0.09384061435675986
1	0.042774693	0	0.012914839236394965
1	0.042792182	1	0.017808563869694868
1	0.042796555	1	0.05571760018514678
1	0.042805299	1	0.1002019960533943
0	0.042809672	1	0.022495122066116664
0	0.042818416	1	0.060680703225217174
1	0.042822789	0	0.08364983555031709
1	0.042831533	0	0.022351036141822506
1	0.042835906	1	0.069854012485152
1	0.042840278	0	0.01447408851976397
0	0.042853395	1	0.009852369355953284
0	0.042866512	1	0.011157541100135178
0	0.042870885	1	0.01790104829621884
1	0.042892746	1	0.024980864898838426
0	0.042901491	1	0.010642262394740065
1	0.042905863	1	0.015202176920863045
0	0.042914608	1	0.009728727528226075
1	0.042927725	1	0.01631467876713578
0	0.04293647	1	0.012826067251531618
0	0.042945214	0	0.013799572547021596
0	0.042949587	1	0.12497179380566237
1	0.042958332	1	0.022001726901693237
0	0.042980193	1	0.0723623910497843
1	0.042984566	1	0.027453425199893966
0	0.042988938	1	0.02362036012216763
1	0.04299331	1	0.10436428500083283
1	0.042997683	1	0.028031777199633876
0	0.043019544	0	0.012123663927069483
0	0.043028289	0	0.019867020611652693
1	0.043032661	1	0.08094726154796043
1	0.043037034	1	0.00978925952332843
1	0.043050151	1	0.018830997582222612
1	0.043058896	1	0.027955182261827218
0	0.043063268	1	0.041266191427110896
1	0.04306764	0	0.03325414927576676
1	0.043076385	1	0.2045627112523186
1	0.043093874	1	0.07330211083327087
1	0.043098247	1	0.14766131211677413
1	0.043106991	1	0.018922003592518395
1	0.043111364	1	0.02031027693591834
1	0.043120108	1	0.020692430864817764
1	0.043124481	1	0.016024342485434072
1	0.043128853	1	0.020215621716995955
0	0.043133225	1	0.04610247488900252
1	0.043137598	1	0.01993797432369154
1	0.043146343	1	0.10794695299756632
1	0.043150715	1	0.1640355568009155
1	0.04315946	1	0.0837274460685399
1	0.043163832	1	0.01626280580261221
1	0.043172577	0	0.010722056798980228
1	0.043190066	1	0.007528968260864469
1	0.043203183	1	0.06702833149173765
0	0.043207555	0	0.015600427428449581
1	0.043211928	1	0.07424524439210335
1	0.0432163	0	0.016897255362140002
0	0.043220672	1	0.004394042895610671
1	0.043229417	1	0.014372552061865692
0	0.04323379	1	0.05094724097506226
1	0.043238162	1	0.021671582998557995
1	0.043260024	1	0.02891158939770884
1	0.043268768	0	0.019388225602487045
1	0.043273141	1	0.0036594849090497913
1	0.043277513	0	0.12674357609081013
1	0.043303747	1	0.009568277399441152
1	0.043308119	1	0.025738385030819877
1	0.043325609	1	0.07958026252844227
1	0.043329981	1	0.07740180394727918
0	0.043338726	1	0.013890210263285333
0	0.043351843	0	0.015753529291834576
1	0.04336496	1	0.06790046571255391
1	0.043386822	1	0.02774743129725615
1	0.043404311	1	0.0331929808514055
1	0.043408683	1	0.027596098948352618
0	0.043413056	1	0.02526086845310847
1	0.043417428	1	0.05474458725843947
0	0.043421801	1	0.05467503327995336
1	0.043430545	1	0.02365131454983109
1	0.043434918	1	0.047204830801895546
1	0.04343929	0	0.023684437095576077
1	0.043452407	1	0.011703656520052579
0	0.043456779	1	0.013115886448756877
1	0.043465524	0	0.01971752172871032
1	0.043469896	1	0.1313958847883558
0	0.043474269	1	0.05089912352235096
0	0.043478641	0	0.014362910385498784
1	0.043483013	1	0.014637376880243996
1	0.043491758	1	0.006152489294760872
1	0.04349613	1	0.04467633165389933
1	0.043500503	0	0.12005984908601328
1	0.043509248	1	0.03566045456017036
1	0.043526737	1	0.01982321155783996
1	0.043535482	0	0.016984331032515475
1	0.043544226	1	0.0347874134308242
0	0.043566088	1	0.017473436877713144
1	0.043579205	1	0.02859587436127301
0	0.04358795	1	0.04436022750880891
