1	0.078400595	1	0.018030795602197797
1	0.078409339	1	0.05277972517073701
1	0.078418084	1	0.03702666202898116
0	0.078422456	1	0.012954839259137743
1	0.078435573	1	0.010950067411292626
1	0.078439946	1	0.0726022659008421
1	0.078444318	1	0.045058293305489126
1	0.078453063	1	0.015497328857858284
1	0.07846618	1	0.010067530718792836
1	0.078470552	1	0.03744436291745195
1	0.078479297	1	0.10084554357975804
1	0.078483669	1	0.041231867089159005
0	0.078488042	1	0.014064344514435083
1	0.078492414	1	0.05720431989669426
1	0.078496786	1	0.08601956350048702
1	0.078501159	1	0.020451027865050635
1	0.078509903	1	0.028755910113300365
1	0.078514276	0	0.018878034137510977
1	0.07852302	0	0.07066208050709487
1	0.078527393	0	0.03519932423853391
1	0.078536137	1	0.014063280164593654
1	0.07854051	1	0.013275596196428261
1	0.078544882	1	0.06404172755383611
1	0.078549255	0	0.017512475009829442
0	0.078562372	1	0.016690365050448405
1	0.078566744	1	0.014137803944824112
1	0.078579861	0	0.0888667873198638
1	0.078601723	0	0.02241155833104727
1	0.078623584	1	0.014903519269996756
1	0.078636701	0	0.0169642707687144
1	0.078649819	1	0.12852248083883996
0	0.078658563	0	0.017616883863128336
0	0.078662936	0	0.015567170402126048
1	0.07867168	0	0.018605427374181256
1	0.078680425	1	0.04686875793689352
1	0.07868917	1	0.026336537101642965
0	0.078693542	1	0.01515710358966303
0	0.078697914	1	0.025706340025891432
1	0.078706659	0	0.01460070391120487
1	0.078711031	1	0.03244872628595437
1	0.078715404	1	0.09109971367202023
0	0.078719776	1	0.05955004297668112
1	0.078724148	0	0.0711952499131941
0	0.078737266	1	0.08966793202348454
0	0.078754755	0	0.07063973297255804
1	0.0787635	1	0.01410636690467673
1	0.078767872	1	0.04675373911471417
0	0.078780989	1	0.07169013772854826
0	0.078785361	1	0.09251692546342812
1	0.078794106	1	0.025232765698014057
0	0.078802851	1	0.014116152361158695
1	0.078811595	0	0.027572645209714416
1	0.078815968	1	0.013589000193520275
1	0.078824713	0	0.027132258097525664
1	0.078833457	1	0.009801734778357198
0	0.07883783	1	0.04247125923331066
1	0.078850947	1	0.025983758321081393
1	0.078859691	1	0.014207507017675843
1	0.078885925	1	0.07186771852242996
0	0.078899042	1	0.01401137181574337
1	0.078920904	0	0.050327930745831535
0	0.078925277	0	0.007855313278898473
1	0.078929649	1	0.08361794087095435
0	0.078938394	1	0.014058334964442401
1	0.078942766	1	0.0217874674909678
0	0.078960255	1	0.016614140402675788
1	0.078973372	1	0.022245799945907748
1	0.078977745	1	0.03102628740834032
1	0.078986489	1	0.024087928298635316
1	0.078990862	0	0.009113468202297423
1	0.078995234	1	0.04873901740779016
1	0.079012724	1	0.019558311711749224
0	0.079021468	1	0.00447442808093198
1	0.079069564	0	0.010385106053257832
1	0.079073936	1	0.01952798046469249
1	0.079078309	0	0.016665780306550925
1	0.079082681	0	0.0265254976493684
0	0.079087053	1	0.011974101110822394
1	0.079104543	1	0.007571181487564845
1	0.079122032	1	0.018685906738217947
0	0.079139522	1	0.017179553987362595
0	0.079143894	1	0.013058757731994273
0	0.079148266	0	0.012668855090563627
0	0.079152639	0	0.025858805994481992
1	0.079157011	0	0.14893372831414967
1	0.079161383	1	0.015741028589740677
1	0.079178873	1	0.015798451020570106
1	0.079183245	1	0.01450138468249309
1	0.079187618	1	0.11327235115523332
1	0.079196362	0	0.015118152797592837
1	0.079209479	1	0.023831479836514152
1	0.079218224	1	0.09116982963622677
1	0.079240086	1	0.015604416706956418
1	0.079244458	1	0.029125984093050616
1	0.07924883	1	0.01354639861683255
1	0.079253203	1	0.028625219845082105
1	0.079257575	0	0.017080908324133722
1	0.079261947	0	0.055206423298977784
0	0.079270692	1	0.012596006158475613
1	0.079275064	1	0.1094683160165153
1	0.079283809	1	0.018880005466836516
0	0.079288182	0	0.01602872504403308
1	0.079301299	1	0.02916157781365739
1	0.079305671	0	0.014634515903144803
1	0.079310043	1	0.05457193241046596
1	0.07932316	0	0.026527762003420014
1	0.079327533	0	0.01891595834889115
1	0.079331905	1	0.014427567475831342
1	0.079336277	0	0.0279201658523883
1	0.07934065	1	0.004788244704729556
0	0.079345022	0	0.012071579821377227
1	0.079349394	1	0.009594747749350443
1	0.079358139	1	0.0930759743715946
0	0.079362511	1	0.017079115012600374
0	0.079380001	0	0.01473869205940379
1	0.079384373	1	0.03963773335686613
1	0.079388746	0	0.01712715716372059
0	0.07939749	1	0.027379980746518415
1	0.079401863	1	0.016652801768335137
1	0.079406235	1	0.03808210722922422
0	0.079410607	1	0.020544503006335903
0	0.079419352	1	0.027059001595155924
1	0.079458703	1	0.017022822932880228
0	0.079463076	1	0.022931949732292595
0	0.079467448	0	0.014265620851821231
1	0.079476193	1	0.015697840826770722
1	0.079480565	0	0.011492676303466507
1	0.079506799	1	0.03219560725198014
0	0.079511171	1	0.011956316023771082
1	0.079524288	1	0.013303645699523844
1	0.079541778	0	0.011671865352650504
1	0.079550522	1	0.02913250829796094
0	0.079554895	1	0.02070519827864613
1	0.079568012	0	0.0159807989083131
1	0.079572384	1	0.11328313527464383
1	0.079594246	0	0.018743242123774092
1	0.079598618	1	0.016521947183575133
1	0.079611735	1	0.04658212730608271
1	0.079616108	1	0.05410378296474636
1	0.07962048	0	0.013182035582731226
1	0.079624852	0	0.010515001600769494
1	0.079629225	1	0.005423094238861535
1	0.079637969	0	0.014057833919925662
1	0.079655459	1	0.05137053201489302
1	0.079659831	1	0.0793776552584102
1	0.079672948	1	0.04282324997257655
0	0.079677321	1	0.013447538265111256
1	0.079686065	1	0.008140306220707381
0	0.07969481	0	0.008703776409544109
0	0.079707927	1	0.01482926096007199
1	0.079712299	1	0.05388626029572735
1	0.079721044	1	0.06172800456035855
1	0.079734161	1	0.01322454366866869
1	0.079738534	1	0.05738816832372986
1	0.079747278	1	0.01838880550405458
1	0.079751651	1	0.009776432584349464
1	0.079760395	0	0.08819449472984274
1	0.07976914	1	0.016317112057826
1	0.079782257	1	0.014044847778227142
0	0.079791002	1	0.008325587613924426
1	0.079795374	1	0.05598476410545176
1	0.079799746	1	0.031583921112109434
1	0.079804119	1	0.009968462190524892
1	0.079808491	1	0.008361950215636833
1	0.079821608	1	0.052682253267003654
1	0.079830353	0	0.02785769531251366
1	0.079834725	1	0.02065800662593268
0	0.079839098	1	0.021188983308832208
0	0.07984347	1	0.015915152054515144
1	0.079856587	1	0.004689361067367168
1	0.079860959	1	0.01732729907480623
1	0.079865332	1	0.0549231724864836
1	0.079891566	0	0.032736024492890876
1	0.079895938	1	0.01335523151602585
1	0.079904683	0	0.008736323726979835
1	0.079909055	1	0.048666975042932964
1	0.079922172	0	0.004389354281996821
1	0.079926545	1	0.03193557846451905
0	0.079930917	1	0.017921446364998504
1	0.079965896	1	0.009618106805907191
1	0.07997464	1	0.15891098929913583
1	0.079979013	1	0.01986440077060418
1	0.079987757	1	0.058003637812615805
1	0.07999213	1	0.002790782000010286
0	0.080000874	1	0.02022153088476407
1	0.080009619	0	0.017218100649845868
1	0.080022736	1	0.03231937359374911
0	0.080031481	1	0.019863523724210432
1	0.080035853	1	0.009967833779020828
1	0.080040226	1	0.022129620952132143
1	0.08004897	0	0.009482658728133935
0	0.080057715	0	0.012512302475690821
0	0.080062087	1	0.06078563595488627
1	0.080075204	0	0.02014304490047808
1	0.080079577	0	0.014759980351791263
1	0.080088321	0	0.010646613995615955
1	0.080092694	1	0.07343390079966625
1	0.080101439	1	0.04929182815120905
1	0.080110183	1	0.010458005437910757
1	0.080114556	1	0.037184258370033856
1	0.080118928	1	0.002950773673054734
1	0.080127673	0	0.042038011987899526
0	0.080132045	1	0.018026761389791594
1	0.080136417	1	0.02098320772806535
1	0.080145162	1	0.01087843629127599
0	0.080153907	1	0.040831459484921666
0	0.080175768	1	0.0959045032951293
0	0.080180141	1	0.01666698404859064
1	0.080184513	0	0.07387610725513029
1	0.080188885	1	0.04779441545337911
0	0.080193258	0	0.008017628939884914
0	0.08019763	1	0.006205918471903647
1	0.080202003	1	0.018275309578194263
0	0.080206375	1	0.01769008848239156
0	0.080210747	0	0.010760538906507964
1	0.080219492	0	0.00463189817378721
1	0.080232609	1	0.026684075054276904
0	0.080245726	1	0.026612414448768874
1	0.080250098	1	0.0876606146363171
0	0.08027196	1	0.01165683907189343
1	0.080280705	1	0.06432653005584553
1	0.08028945	1	0.05883209318852004
1	0.080293822	1	0.051047728187108225
0	0.080306939	1	0.011592968356607525
0	0.080315684	1	0.04258443942357204
1	0.080320056	0	0.05871692935115394
1	0.080324428	0	0.0159362687864462
1	0.080333173	1	0.017438749168118172
1	0.080350662	1	0.06085413287664751
0	0.080363779	0	0.005532403448510233
1	0.080368152	1	0.026432374538276196
1	0.080372524	1	0.018726338470001495
1	0.080376897	1	0.010699348796280747
0	0.080381269	1	0.014671816740001018
1	0.080385641	1	0.018445114974048656
1	0.080394386	1	0.006060319696439717
1	0.080398758	1	0.05957598682545317
1	0.080407503	1	0.040621494355467934
1	0.080411875	1	0.014175978105867
1	0.080416248	1	0.017868712066712294
1	0.08042062	0	0.0432580916606314
0	0.080438109	1	0.01738547314634626
1	0.080442482	1	0.04281099302425992
1	0.080446854	1	0.017177482141532353
1	0.080459971	0	0.019728098124390973
0	0.080468716	1	0.009994884427406111
1	0.080477461	1	0.010510680937280074
1	0.080481833	1	0.020381291334168813
1	0.080486205	1	0.04545498878419086
0	0.08049495	0	0.014881787058016039
0	0.080508067	1	0.01089348389305743
0	0.080516812	1	0.009660460865637087
1	0.080521184	1	0.034741785339832375
0	0.080529929	1	0.010972297925364036
1	0.080534301	1	0.048212319261184994
1	0.080543046	1	0.07125568778382337
1	0.080556163	1	0.017046125444906277
1	0.080564908	1	0.02200492678093856
1	0.08056928	1	0.024341596754300646
1	0.080573652	1	0.047085600575673466
1	0.080582397	0	0.027850185251202447
1	0.080595514	1	0.13522309761513693
0	0.080599886	1	0.006047508829104021
1	0.080608631	1	0.14488818622078356
1	0.080617376	0	0.022027032345417936
1	0.080621748	0	0.01740714606697518
1	0.080634865	1	0.015559467394312528
0	0.080639237	0	0.009330957917332227
0	0.080652355	0	0.030573767938551783
1	0.080656727	1	0.05781943939548895
0	0.080665472	1	0.007339979193882336
0	0.080674216	0	0.016486931804099565
1	0.080682961	1	0.013836083089345851
0	0.080687333	0	0.01629565608964939
0	0.080696078	1	0.012717110676156615
0	0.08070045	0	0.027537006805503316
0	0.080704823	1	0.025715876594169306
1	0.080713567	1	0.015328864105456986
1	0.080731057	1	0.02415731115592667
0	0.080735429	0	0.01130946128969782
1	0.080739801	1	0.006710512909669053
1	0.080748546	1	0.06257835496962598
0	0.080761663	0	0.009303465609531453
1	0.08077478	1	0.09289413002670316
0	0.080779153	1	0.012790416530407503
1	0.080805387	1	0.009113229449811312
1	0.080809759	0	0.04323196793959228
1	0.080827248	1	0.013597355033026495
1	0.080862227	0	0.015722144987137945
1	0.080875344	1	0.02209099934598295
1	0.080879717	1	0.015777682449357937
1	0.080884089	0	0.05776928530608624
1	0.080888461	1	0.018069530448619902
1	0.080897206	1	0.012536132095165464
1	0.080901578	0	0.015073511862373457
1	0.080905951	1	0.06971901367784043
1	0.080927813	1	0.010809146083492914
1	0.080932185	1	0.02020754826500895
1	0.080936557	1	0.1775582257835765
1	0.08094093	1	0.021161356195653843
0	0.080949674	1	0.006563748150336074
1	0.080954047	1	0.02985971162246569
0	0.080975908	1	0.012582887704514677
1	0.080989025	1	0.06340608247477854
1	0.080993398	1	0.006523785331236258
0	0.081002142	1	0.022063029191436618
1	0.081010887	1	0.01794448363271735
1	0.081032749	1	0.0570137542514205
1	0.081050238	1	0.07995811573168103
0	0.081067728	1	0.020516863294897412
0	0.081076472	1	0.01790079835193649
1	0.081080845	1	0.01488902457039052
1	0.081085217	0	0.016227992315431494
1	0.081089589	1	0.11633457834609474
1	0.081098334	1	0.04076213450221169
1	0.081102706	1	0.03479688815365901
1	0.081107079	1	0.05695307153067317
1	0.081111451	1	0.08213226846443546
0	0.081115824	0	0.04256994362852767
1	0.081120196	1	0.046713461274590286
1	0.081124568	0	0.01553722927761989
1	0.081133313	1	0.01958035354074914
1	0.08114643	1	0.05517540750667224
0	0.081150802	1	0.011631101668150153
1	0.081172664	1	0.13111189643994856
0	0.081177036	1	0.0151328424565627
1	0.081181409	0	0.01825412551685222
1	0.081185781	1	0.03940683883044466
1	0.081194526	1	0.0144439121180971
0	0.081207643	1	0.023512961675808148
1	0.08122076	1	0.01076398443855076
1	0.081229505	1	0.10998493984587904
1	0.081255739	1	0.04888318120539877
1	0.081260111	1	0.21920290693062475
1	0.081268856	1	0.14498864455303398
0	0.081281973	1	0.010767606867339881
1	0.081286345	1	0.007061093763719494
1	0.081290718	1	0.06546825375950387
1	0.08129509	1	0.04188421656782292
0	0.081312579	1	0.009011122527207522
1	0.081316952	1	0.0250180582970774
1	0.081321324	1	0.11055388904810283
1	0.081338813	1	0.035615687093493435
1	0.081343186	1	0.03657629877620433
0	0.081356303	1	0.00859842047968995
1	0.08136942	1	0.0069573402808459665
0	0.081378164	0	0.00738917577285468
1	0.081386909	0	0.031974941467884155
0	0.081395654	1	0.03588515155273112
0	0.081404399	1	0.021897837348585327
1	0.081417516	1	0.019830286764448892
1	0.081430633	1	0.04438600428086189
1	0.081435005	1	0.09546164084721735
1	0.08144375	1	0.01942056544335972
0	0.081448122	0	0.020317398762000425
1	0.081456867	1	0.03847491383489259
0	0.081461239	0	0.010924735363096913
1	0.081469984	0	0.01712169961559052
1	0.081491846	1	0.026875957439848126
1	0.081504963	1	0.07638650922625291
1	0.08151808	0	0.01426409502687887
1	0.081522452	1	0.01290486843981774
1	0.081539941	1	0.04445014627099966
1	0.081548686	1	0.01318491025053884
0	0.081553058	1	0.048217036347394195
1	0.081561803	1	0.021534842362379795
1	0.081566176	0	0.0555132625916748
1	0.08159241	1	0.007229243107196487
1	0.081596782	1	0.006071687607384542
1	0.081601154	1	0.01054025985202882
1	0.081609899	1	0.06122931875607932
0	0.081614271	0	0.02270797167134296
1	0.081618644	1	0.02736305713794319
1	0.081631761	1	0.036164837405715605
1	0.081644878	1	0.00870532527975284
1	0.08164925	1	0.0929750668812972
1	0.081657995	1	0.016789190572130644
0	0.081662367	0	0.029621061332959414
1	0.081675484	1	0.056717103971740755
1	0.081684229	0	0.0094447780256163
1	0.081692974	1	0.15889295877456108
1	0.081697346	1	0.10063298525467214
1	0.081706091	1	0.016854209580539955
1	0.081710463	1	0.006134021699798896
1	0.081714835	1	0.05056273057092573
1	0.081727952	1	0.10448793985286318
0	0.081749814	0	0.014405907355695411
1	0.081754187	0	0.034586179457810014
1	0.081762931	0	0.03250816269437022
1	0.081776048	0	0.015648116251266577
1	0.081780421	1	0.026712139595224834
1	0.081784793	1	0.014022837857958126
1	0.081789165	0	0.028087586254523955
1	0.081793538	1	0.015158865706439836
1	0.081811027	1	0.017292745201823657
0	0.081815399	1	0.012857966139502373
1	0.081824144	1	0.03250097857520955
1	0.081837261	1	0.014721670914182522
1	0.081846006	1	0.013290904774985247
1	0.081850378	1	0.01677754681793178
1	0.081859123	0	0.01019440152937752
1	0.081863495	1	0.12454820400985507
1	0.081867868	1	0.0300711203553042
1	0.081876612	1	0.11135651496741655
1	0.081880985	1	0.032272750610786015
1	0.081885357	1	0.06672946986082895
1	0.081894102	1	0.021923494467818768
0	0.081924708	1	0.009736971839269542
1	0.08192908	0	0.049164268455916184
1	0.081933453	0	0.029792858698393283
0	0.081942198	1	0.007328889348522829
1	0.081955315	1	0.028255797038463943
1	0.081964059	1	0.012618341328426609
0	0.081972804	1	0.024271448237357277
1	0.081981549	1	0.040777405585816974
0	0.081985921	0	0.015359723234812571
1	0.081990293	1	0.050121421247340925
1	0.081994666	1	0.003931121179079264
1	0.08200341	1	0.03105043744614351
1	0.082007783	1	0.08056704849649755
1	0.0820209	1	0.012976125192613326
0	0.082025272	1	0.03255104575803562
1	0.082051506	1	0.018514247658400557
1	0.082055879	1	0.019137042617900845
1	0.082060251	1	0.019869656028156893
1	0.082064623	1	0.006672324686813284
1	0.082073368	1	0.08214893065949488
0	0.082082113	0	0.01891444012875122
0	0.082086485	1	0.022604642995456812
1	0.082103974	1	0.05880938912949631
0	0.082112719	1	0.014309945598363176
0	0.082117092	0	0.01058263492088881
0	0.082143326	1	0.03313517222072861
1	0.08215207	1	0.0840498821224893
1	0.082156443	1	0.07976219573165691
1	0.08216956	0	0.0076484380364621645
0	0.082173932	1	0.012561564908871331
1	0.082178304	1	0.01344178864948868
1	0.082182677	1	0.022472281676001182
1	0.082191421	1	0.023233645720535823
1	0.082208911	1	0.09654086699870151
1	0.082217656	1	0.1198557736622408
0	0.082222028	1	0.022092903013896773
1	0.0822264	1	0.01824301730671697
1	0.082235145	1	0.022972841434186184
1	0.082239517	1	0.046567657815715785
1	0.08224389	1	0.00673347643541041
1	0.082261379	1	0.01940638352406843
1	0.082270124	0	0.024550611203585832
1	0.082283241	1	0.008348220234038762
1	0.082296358	0	0.01805044526741355
1	0.082305103	1	0.008154918344359063
1	0.082313847	1	0.07223575686044194
1	0.08231822	1	0.03493444046166303
1	0.082322592	1	0.06683182093520874
0	0.082326964	1	0.009278716879067712
1	0.082340081	0	0.029318504036611556
1	0.082344454	1	0.057291665760060305
0	0.082348826	1	0.012901455702305114
1	0.082353198	0	0.08277336370511845
0	0.082361943	1	0.01355891437565545
0	0.082370688	1	0.009646951647722737
1	0.08237506	1	0.026017808856887526
1	0.082379432	1	0.008194780496308859
1	0.082401294	1	0.014779640952458569
0	0.082405667	1	0.01647268234460849
1	0.082423156	0	0.01117459867120058
1	0.082431901	0	0.017836147361415974
1	0.082436273	1	0.026917302038826117
1	0.082440645	0	0.04396631865075649
1	0.082445018	1	0.044731103700737816
1	0.082453762	0	0.02763073364271548
1	0.082458135	1	0.018942228406607232
1	0.082466879	1	0.053751242181063724
0	0.082475624	1	0.022252817084330478
1	0.082479997	1	0.04304589029889217
0	0.082497486	1	0.021476973838684504
1	0.082501858	1	0.037757820868287835
1	0.082510603	1	0.017506985048648848
1	0.082514975	0	0.02105144477643305
1	0.082528092	1	0.029652646735785344
1	0.082532465	1	0.05000603224219432
0	0.082541209	0	0.0835678485725966
1	0.082554326	1	0.034996085601341154
1	0.082558699	1	0.028357435844845204
1	0.082571816	1	0.00995957434869337
0	0.082576188	1	0.004434330768588818
1	0.082580561	1	0.02277981106911491
1	0.082584933	1	0.004225591112509796
0	0.08259805	1	0.015459885414207002
1	0.082602422	1	0.04663977847773731
1	0.082615539	1	0.03166409143557542
1	0.082619912	1	0.0199056018536484
0	0.082628656	0	0.02346164431637998
1	0.082633029	1	0.012895136580449601
0	0.082637401	1	0.019764073495417436
1	0.082650518	1	0.016905469128843675
1	0.082659263	1	0.007880712575849423
0	0.082663635	1	0.023213158110604384
0	0.082668008	1	0.018891058762264358
1	0.082676752	1	0.022865965060462585
0	0.082681125	1	0.018120361479106596
1	0.082685497	1	0.013763113459209596
0	0.082698614	1	0.07347919173553036
1	0.082707359	1	0.037590842194061634
1	0.082716103	1	0.09304605008633182
1	0.08272922	1	0.005171919074399498
0	0.082733593	1	0.01126963212778046
1	0.082751082	1	0.12224654019347718
1	0.082764199	1	0.05260795946499917
1	0.082768572	0	0.026685397292797494
0	0.082781689	1	0.022783135742043725
1	0.082786061	1	0.11472211113971191
0	0.082790433	1	0.0795672077204523
0	0.082799178	1	0.04135494681977736
0	0.08280355	0	0.019070044544600807
0	0.08282104	1	0.034640509408625585
1	0.082825412	1	0.058377260281359485
0	0.082829784	1	0.024380081958694313
1	0.082834157	1	0.1047558370403044
1	0.082842901	1	0.022177788733221446
1	0.082851646	1	0.029201836182640467
1	0.082856019	0	0.029541956474726263
1	0.082869136	1	0.011751644995729171
0	0.08287788	0	0.00452387007226597
1	0.082882253	0	0.021153961162622567
0	0.082886625	1	0.029674452834509372
1	0.082890997	1	0.06275390370541768
1	0.082908487	1	0.015191917517668496
0	0.082912859	0	0.12371458301674802
0	0.082934721	0	0.021190945465786103
1	0.082943466	1	0.04824317339940781
1	0.082965327	1	0.007468615313426134
1	0.082978444	1	0.0360026593366303
1	0.082982817	1	0.08423396767337299
1	0.082987189	1	0.029174592421498127
1	0.082991561	0	0.014831041326722241
0	0.082995934	1	0.016382272827958743
1	0.083000306	1	0.09493285739812833
1	0.083009051	1	0.02320671777233343
0	0.083013423	1	0.030401427938136605
0	0.083017795	1	0.03355287004740013
1	0.083022168	1	0.013739234020001824
0	0.08302654	1	0.012757263541445735
1	0.083035285	1	0.22074787886323566
1	0.08304403	1	0.2534066138151565
1	0.083048402	1	0.030248738856614013
1	0.083057147	1	0.008715062608471161
0	0.083083381	0	0.00809402238695143
1	0.083092125	0	0.01791036528606297
1	0.083105242	1	0.025994784134372607
1	0.083113987	1	0.02484712465549997
1	0.083122732	1	0.02863073044757802
0	0.083127104	1	0.04926964768452424
0	0.083140221	1	0.09636410711954022
1	0.083144594	1	0.05184846269443418
0	0.083148966	1	0.043942843563163726
1	0.083153338	1	0.07641936660927108
0	0.083157711	1	0.013636450213387887
1	0.083166455	1	0.024780186427989726
1	0.083179572	1	0.00568915660193003
0	0.083183945	1	0.007034859846013639
0	0.083188317	1	0.020701740521230725
1	0.083201434	0	0.01605691882471813
0	0.083210179	1	0.018133336484394025
1	0.083218924	1	0.026906928156951598
1	0.083223296	1	0.016236367925613678
0	0.083245158	1	0.049094822706021245
1	0.083267019	1	0.016551949008409613
0	0.083271392	1	0.016234378539993346
1	0.083280136	0	0.015079972072555613
1	0.083284509	1	0.0782887248602741
0	0.083288881	1	0.009192024559778378
1	0.083297626	1	0.027541382470277622
1	0.083306371	1	0.02757535117904149
0	0.083310743	0	0.018421993651695733
0	0.083319488	1	0.0209363201629426
1	0.08332386	1	0.06866375211103674
1	0.083328232	1	0.08870198957499618
1	0.083332605	1	0.06651731329306462
0	0.083345722	1	0.01418099692969109
1	0.083354466	1	0.0455377010010157
1	0.083363211	1	0.017317857822792476
1	0.0833807	0	0.01347808943471126
1	0.083385073	1	0.0483326038709758
1	0.08339819	1	0.010963143777774208
0	0.083406935	1	0.029815198996691952
1	0.083411307	1	0.015035436454939226
1	0.083415679	1	0.045174611300600805
0	0.083420052	0	0.015183532258766582
0	0.083446286	0	0.019482490858660755
1	0.083450658	1	0.025896430734156
1	0.08345503	1	0.015270991577628212
1	0.083463775	1	0.01340406260415218
1	0.08347252	1	0.02702218896732636
0	0.083481264	1	0.08151535340005257
1	0.083485637	1	0.2280219402975687
1	0.083490009	1	0.09767909065940898
1	0.083498754	1	0.002663159920071124
0	0.083503126	1	0.018190818806574274
1	0.08352936	1	0.03681625942235725
0	0.083551222	1	0.0016136334397262458
1	0.083555594	1	0.03652323600964188
1	0.083559967	1	0.04036611021545234
1	0.083586201	0	0.015594076338731248
1	0.08360369	1	0.008478697239941413
0	0.083608063	1	0.03878140186801136
1	0.083612435	1	0.013596720524578713
1	0.083616807	1	0.011686295630439991
1	0.083634297	1	0.021202275731117107
1	0.083638669	1	0.06359067282666413
1	0.083651786	1	0.05221723667693568
1	0.083656158	0	0.008215547948027802
0	0.083669276	1	0.021088394785999526
1	0.083704254	1	0.014048820584127418
1	0.083717371	0	0.018714175589744364
1	0.083726116	1	0.015559622732695823
1	0.083730488	1	0.07986498380892466
1	0.08375235	1	0.01923814214696654
1	0.083756722	1	0.10342570097157779
1	0.083761095	0	0.008022710852297166
0	0.083765467	1	0.011851117280661343
1	0.083778584	1	0.05383708598749848
0	0.083791701	1	0.03774375836147927
1	0.083800446	1	0.033877536875475324
1	0.083804818	0	0.010531182037523098
1	0.083813563	1	0.035372230923373875
0	0.083817935	0	0.01963874788417736
0	0.083831052	1	0.00483020109456547
1	0.083852914	1	0.013246882492013584
1	0.083861659	1	0.004181404411648395
0	0.083874776	1	0.018825187670084214
1	0.083887893	1	0.010330136252251128
1	0.083896638	1	0.02503834407384573
0	0.08390101	1	0.015317512952709694
1	0.083905382	1	0.02858744597415645
1	0.083909755	0	0.036467914908514455
1	0.083918499	0	0.015093850694962887
0	0.083922872	1	0.07938249079001251
1	0.083931616	1	0.041027701088613464
1	0.083949106	1	0.014896250606577085
0	0.083953478	1	0.00104304681207445
0	0.083962223	1	0.02146989977993126
0	0.083970968	1	0.024460149895978296
1	0.083979712	1	0.06968953952025904
1	0.083984085	1	0.022233823616380505
1	0.083992829	0	0.0066992645768439085
1	0.084014691	0	0.01615282823218653
1	0.084019063	1	0.05326505455056338
1	0.08403218	0	0.08705134957524095
0	0.084036553	0	0.006292891070198574
1	0.084040925	0	0.02862610032751411
1	0.08404967	1	0.11825830241915154
1	0.084067159	1	0.0458815383351568
0	0.084071532	1	0.06461009650504362
1	0.084093393	1	0.008490412962132569
1	0.084110883	1	0.009542302153748872
1	0.084115255	1	0.026392890245232878
1	0.084119627	1	0.007522138083008802
0	0.084128372	1	0.011682147274292266
1	0.084137117	1	0.03869215514108871
1	0.084141489	1	0.01391226768375866
1	0.084150234	0	0.016583169630757705
0	0.084158979	0	0.036444549068944405
1	0.084163351	1	0.15776015077512343
1	0.084167723	1	0.05998115951776611
1	0.084172096	0	0.018985160680254614
1	0.084189585	1	0.02299812583541272
1	0.08419833	1	0.035806923625831585
1	0.084202702	0	0.0638247939831139
0	0.084233309	0	0.01778502456515619
1	0.084237681	1	0.08178389323414854
1	0.084242053	1	0.06541175570650314
1	0.084246426	1	0.023555999616201435
1	0.08425517	1	0.03019807232272056
1	0.084285777	1	0.018936746768745478
1	0.084312011	1	0.046300289218787226
1	0.084325128	1	0.021247875382042574
0	0.0843295	1	0.014898254144242116
0	0.084333873	1	0.03358746312491957
1	0.084351362	1	0.02827689054661954
0	0.084368851	0	0.007505810290666162
1	0.084381968	0	0.01592838859562109
1	0.084386341	1	0.04060948927367863
1	0.08442132	1	0.009143643833499459
1	0.084425692	0	0.011099314304129223
1	0.084430064	1	0.019718451137346157
1	0.084434437	1	0.04437029693256464
1	0.084438809	0	0.047582012284022986
0	0.084447554	1	0.026855039889193022
1	0.084465043	1	0.11095373701325312
1	0.08447816	1	0.06229553302373967
1	0.084486905	1	0.039792774772647525
1	0.084491277	0	0.007148319519282063
1	0.08449565	1	0.08683161846695736
1	0.084500022	1	0.015258011151280051
0	0.084508767	1	0.01579001936135307
0	0.084535001	1	0.04953394297892102
0	0.084539373	0	0.014358787340759549
0	0.084543745	1	0.0408945594531824
1	0.084548118	0	0.00871760915688464
0	0.084565607	0	0.015218973082755391
1	0.084574352	1	0.07296501129497977
1	0.084578724	1	0.007668994305942985
0	0.084583096	0	0.012679478529059802
0	0.084587469	0	0.011550328838716512
1	0.084591841	1	0.011042339467999313
1	0.084600586	1	0.03657728443594182
1	0.084604958	1	0.00861490659620738
1	0.084609331	1	0.028672610991519687
1	0.084618075	0	0.01966632975962088
1	0.084631192	1	0.10211551668557295
1	0.084635565	1	0.054791660696686346
1	0.084639937	1	0.026591915194841415
0	0.084644309	0	0.005809255305838673
0	0.084648682	1	0.025658869980802575
1	0.084653054	1	0.02154153864410847
1	0.084657426	1	0.04846876180067094
1	0.084666171	1	0.035082629480257
0	0.084670543	1	0.011073541502573253
0	0.084674916	1	0.016112698186762427
1	0.084692405	1	0.03801767493805302
0	0.08470115	1	0.01070660597942505
1	0.084705522	1	0.03940350230510289
0	0.084714267	1	0.007892330192458446
1	0.084731756	1	0.04302665841894041
0	0.084744873	1	0.018001450852272127
0	0.084753618	0	0.018423007913783745
1	0.084762363	1	0.011095588196034336
1	0.084771108	0	0.02547822619630653
0	0.084784225	1	0.05294525866085384
0	0.084788597	1	0.03258899594600488
1	0.084797342	0	0.09258173176345975
1	0.084806086	1	0.027199180639354933
1	0.084823576	1	0.014555884503804987
1	0.08483232	1	0.04947433621135674
0	0.084841065	0	0.01916976971140066
1	0.084845437	1	0.007880850034740565
0	0.08484981	1	0.02987832761529054
1	0.084854182	0	0.02524281023543592
1	0.084862927	1	0.06968187105501422
0	0.084867299	0	0.016609709987329396
0	0.084876044	1	0.01645773120183502
1	0.084880416	1	0.05857751843778028
1	0.084897906	0	0.04277341249732747
1	0.084902278	1	0.016168447914597536
0	0.084911023	1	0.006635948295400083
0	0.084915395	1	0.015671821580847695
0	0.084919767	0	0.004603572196240221
1	0.08492414	1	0.03024742972925998
1	0.084946001	1	0.010316111622843025
1	0.084963491	1	0.04690056871953924
1	0.084976608	1	0.05335684174672536
1	0.08498098	1	0.011145289747800014
1	0.084994097	1	0.12163531363146256
1	0.08499847	1	0.09510021065042949
1	0.085002842	1	0.02166166463805071
0	0.085011587	0	0.00863122658700002
1	0.085020331	1	0.06411861404505491
1	0.085042193	1	0.056721399375725234
1	0.085050938	1	0.047277004243040384
0	0.08505531	0	0.01894151079448563
1	0.085059683	1	0.04209579374288013
1	0.085064055	1	0.010766470232596087
0	0.085068427	1	0.01004020676188777
1	0.0850728	1	0.014742992868593813
1	0.085081544	1	0.014586746276526586
1	0.085090289	1	0.05868234848604293
1	0.085094661	1	0.023678460662845735
1	0.085107778	1	0.021157619548211104
1	0.08512964	1	0.0522639715288643
1	0.085138385	1	0.041219767206437226
0	0.085142757	1	0.009634281741007533
1	0.085160247	1	0.008702080788126823
1	0.085195225	1	0.07397896256172498
1	0.085199598	0	0.03094232540485574
1	0.085208342	1	0.011339193103421961
1	0.085221459	1	0.026047270268581047
1	0.085234577	1	0.10573785031654359
1	0.085238949	1	0.01291815643005171
1	0.085247694	1	0.009398356987524548
1	0.085252066	1	0.0348189294757545
1	0.085269555	1	0.021307202749142964
1	0.0852783	0	0.10002904227647082
1	0.085282672	0	0.015587381997215587
1	0.085287045	0	0.011365074918802669
0	0.085291417	1	0.011813228132090493
0	0.085304534	1	0.011536154948575664
1	0.085313279	0	0.01414382831585777
1	0.085330768	1	0.0793565796149945
1	0.085348258	1	0.18938509780287147
1	0.085365747	1	0.10741107555878247
1	0.085378864	0	0.014052524086355081
1	0.085387609	1	0.01654717914301841
1	0.085396353	1	0.012443062296360712
1	0.085400726	1	0.02911776723260962
1	0.085409471	1	0.15603433765459057
1	0.085422588	0	0.007176368093523163
1	0.08542696	1	0.04609736970178896
0	0.085431332	0	0.007638638548278412
1	0.085435705	1	0.02596201952833487
1	0.085457566	1	0.021712668688918968
1	0.085461939	1	0.05974124049277953
0	0.085470683	0	0.021747917739090336
1	0.0854838	1	0.050430752601741756
1	0.08550129	1	0.0224633749629269
0	0.085523152	1	0.029700617219680314
0	0.085527524	0	0.03843192806762332
1	0.085536269	1	0.014177501719271719
0	0.085545013	0	0.025930282365200397
1	0.08555813	1	0.027256635179570544
1	0.085562503	1	0.11054801566635303
1	0.08557562	0	0.02040599102305254
0	0.085579992	1	0.015597063888818007
1	0.085588737	1	0.09311457083358636
1	0.085593109	0	0.1024418856691256
1	0.085597482	1	0.06499901143589339
1	0.085606226	1	0.05778030442574506
1	0.085610599	1	0.08894885898464523
1	0.085619343	1	0.0322546730268207
1	0.08563246	1	0.08947249093203691
1	0.08564995	0	0.028001580660224557
1	0.085654322	1	0.043098619547854905
0	0.085658694	0	0.018348184114056327
0	0.085667439	1	0.09853133038316313
1	0.085671811	1	0.06417009157693258
1	0.085676184	1	0.013643349188885956
1	0.085680556	1	0.03375561430612078
1	0.085684929	1	0.042557430198831674
1	0.085698046	1	0.019413009832478522
1	0.085702418	1	0.037368566782436705
1	0.085737397	1	0.014950728144208418
1	0.085741769	1	0.05447066986572235
1	0.085754886	1	0.014508748690074262
0	0.085763631	1	0.014805921339278922
1	0.085776748	1	0.055789582751128185
1	0.08578112	1	0.030559654603199007
1	0.085794237	1	0.06295275375391124
1	0.08579861	1	0.008306864677175648
1	0.085807354	1	0.062149262060401084
1	0.085824844	1	0.02341591798410673
1	0.085829216	0	0.03044021749999457
0	0.085837961	1	0.03517866548638868
1	0.085851078	1	0.031104872527800653
1	0.085864195	1	0.041807327549907736
0	0.085868567	1	0.029667145112102004
1	0.085877312	1	0.025689289086275546
1	0.085886057	1	0.01966306090741148
1	0.085890429	1	0.023753838638562567
1	0.085894801	1	0.01981179504768171
1	0.085899174	1	0.1639996147999055
0	0.085903546	1	0.020478229581626598
0	0.085907918	0	0.05258961352513864
0	0.085916663	1	0.015883012267912614
1	0.085921035	1	0.10060670532292715
1	0.085934152	0	0.009944234794784368
1	0.085938525	1	0.04249300317251135
1	0.085947269	1	0.053318577377854226
0	0.085956014	1	0.022005256467072087
1	0.085960387	1	0.01891098389527539
1	0.085986621	1	0.049898473431110195
1	0.085990993	1	0.08211302901559164
0	0.085995365	1	0.06650436151449975
1	0.086012855	1	0.010679361148417535
1	0.086025972	0	0.030927739730883252
1	0.086030344	1	0.02988529043382426
1	0.086034716	1	0.04065765071783672
1	0.086039089	1	0.026173189988009566
1	0.086052206	1	0.017673944218336433
1	0.086056578	1	0.1742629759328499
0	0.086060951	1	0.008656976890644487
1	0.086074068	1	0.08335852828140507
0	0.086082812	1	0.018978988442423024
1	0.086100302	0	0.01291724758325905
1	0.08613528	1	0.039494350549303205
1	0.086139653	1	0.07442008321164996
1	0.086144025	1	0.08688384026445883
1	0.086148398	1	0.02868332836700649
1	0.08615277	1	0.030448275237432376
0	0.086157142	1	0.01294184534003547
0	0.086170259	1	0.015134614712078533
1	0.086174632	0	0.024894138836336344
1	0.086179004	1	0.02721896177960578
1	0.086192121	0	0.02528455866061022
1	0.086200866	1	0.05229580670041046
1	0.08620961	1	0.016923548978635163
1	0.086213983	1	0.01741744541472403
1	0.0862271	1	0.05337100288946975
0	0.086231472	0	0.020487836712991255
1	0.086235845	1	0.025179665390119066
1	0.086244589	0	0.006212359626249545
0	0.086248962	0	0.009519263084419296
0	0.086257706	1	0.008095581665501861
0	0.086262079	0	0.036760358699022035
0	0.086270823	0	0.024393971819248503
1	0.08628394	1	0.01233777473307779
1	0.086288313	0	0.030600428930684806
1	0.08630143	1	0.04185284968670147
0	0.086318919	0	0.011686025698920627
0	0.086323292	1	0.03581635170573408
1	0.086327664	1	0.0760852921106079
0	0.086336409	0	0.010727903026236753
1	0.086345153	1	0.1344035111752784
1	0.086353898	1	0.052204176392315116
1	0.086362643	1	0.08692106625097834
1	0.086380132	1	0.03588678428528417
0	0.086384504	0	0.0075744960466521604
1	0.086393249	0	0.018406206665514048
1	0.086406366	1	0.02394429749436358
1	0.086410738	1	0.022828648873282884
1	0.086415111	1	0.07203415380293852
1	0.086423856	1	0.01915445315991558
1	0.086428228	1	0.03386376259432777
1	0.0864326	1	0.01797021038518591
1	0.086436973	0	0.011479131369703898
1	0.086454462	1	0.03693798924063417
1	0.086467579	1	0.01526802933284136
1	0.086476324	1	0.026446567371872075
1	0.086485068	1	0.027736271235517394
1	0.086489441	0	0.013208154953342302
1	0.08650693	0	0.07046143222412225
0	0.086511303	1	0.01192301066031575
0	0.086515675	1	0.014101025325443252
1	0.08652442	1	0.12443931754573016
1	0.086528792	0	0.007505294307558918
1	0.086546281	1	0.027471086007811365
1	0.086550654	1	0.0959377141116483
1	0.086555026	1	0.013134674409653492
0	0.086563771	1	0.05555679864952668
1	0.086576888	1	0.06680512162303688
1	0.086590005	1	0.0035686224454490895
1	0.08659875	1	0.022685260175858892
0	0.086607494	0	0.009462540387899574
1	0.086611867	1	0.018651070017498276
0	0.086616239	1	0.01339265290819174
1	0.086624984	1	0.014346910869014545
1	0.086629356	1	0.09443595879230166
1	0.086638101	1	0.05919783915122482
0	0.086642473	1	0.009425768683748635
1	0.086646845	1	0.10557076586148724
1	0.08665559	1	0.09769986669841794
1	0.086668707	1	0.07140600085039776
1	0.086677452	1	0.04379559257057211
1	0.086681824	0	0.016318763864690604
1	0.086686196	1	0.015804774037402936
1	0.086690569	0	0.017242109252500627
0	0.086694941	1	0.006048135132462295
1	0.086699314	1	0.10404536214744366
1	0.086703686	1	0.015667199675612937
1	0.086712431	1	0.013665881871199388
1	0.086743037	0	0.06868358459769582
1	0.086751782	1	0.02060980038210107
0	0.086756154	1	0.010416264478539576
1	0.086760526	0	0.03140780403581554
1	0.086764899	1	0.046925409459268035
0	0.086795505	1	0.011755338861049696
1	0.08680425	0	0.00817319290797598
1	0.086812995	0	0.04837819585498381
0	0.086817367	1	0.006848859821852863
1	0.086821739	1	0.025383015979570846
1	0.086834856	1	0.02237906866165623
1	0.086839229	1	0.05583153200740917
0	0.086843601	1	0.010397528225848192
1	0.08686109	1	0.09694953325649464
1	0.086865463	1	0.013684834634296766
1	0.086869835	1	0.016642268131717257
0	0.08687858	1	0.0061770086851246075
0	0.086887325	0	0.015490459059041456
1	0.086896069	1	0.041056095666717085
1	0.086900442	1	0.02591148043412698
1	0.086909186	1	0.12198239985225244
0	0.086926676	1	0.010407057972421576
0	0.08693542	1	0.009686463628149072
1	0.08695291	1	0.07493898564995784
1	0.086957282	1	0.053865772924721105
1	0.086961654	1	0.014333515303927048
1	0.086970399	1	0.04108646155444354
1	0.086974772	0	0.01886667843110686
1	0.086983516	1	0.014572012412831415
1	0.086987889	1	0.01264012477498191
1	0.086992261	1	0.029068479863479504
1	0.086996633	1	0.09114685784061984
0	0.087001006	1	0.007706055914866332
1	0.087005378	1	0.02193231206569805
1	0.08700975	1	0.19588282759142048
0	0.087018495	1	0.019434981990085816
1	0.08702724	1	0.03893246938590637
1	0.087035984	0	0.008983728530406873
0	0.087040357	1	0.013531957524609188
1	0.087049101	1	0.012930696887237967
0	0.087057846	0	0.017824723396683034
1	0.087066591	0	0.011261427959347174
0	0.087079708	1	0.0299657105909208
1	0.08708408	1	0.041997913544822886
0	0.087092825	1	0.014934277341306514
1	0.087097197	1	0.036666112421268306
1	0.087110314	1	0.016111346141994436
1	0.087123431	1	0.016504632404461764
0	0.087132176	1	0.0283812826273494
1	0.087136548	0	0.012016794384539481
1	0.078400595	1	0.018030795602197797
1	0.078409339	1	0.05277972517073701
1	0.078418084	1	0.03702666202898116
0	0.078422456	1	0.012954839259137743
1	0.078435573	1	0.010950067411292626
1	0.078439946	1	0.0726022659008421
1	0.078444318	1	0.045058293305489126
1	0.078453063	1	0.015497328857858284
1	0.07846618	1	0.010067530718792836
1	0.078470552	1	0.03744436291745195
1	0.078479297	1	0.10084554357975804
1	0.078483669	1	0.041231867089159005
0	0.078488042	1	0.014064344514435083
1	0.078492414	1	0.05720431989669426
1	0.078496786	1	0.08601956350048702
1	0.078501159	1	0.020451027865050635
1	0.078509903	1	0.028755910113300365
1	0.078514276	0	0.018878034137510977
1	0.07852302	0	0.07066208050709487
1	0.078527393	0	0.03519932423853391
1	0.078536137	1	0.014063280164593654
1	0.07854051	1	0.013275596196428261
1	0.078544882	1	0.06404172755383611
1	0.078549255	0	0.017512475009829442
0	0.078562372	1	0.016690365050448405
1	0.078566744	1	0.014137803944824112
1	0.078579861	0	0.0888667873198638
1	0.078601723	0	0.02241155833104727
1	0.078623584	1	0.014903519269996756
1	0.078636701	0	0.0169642707687144
1	0.078649819	1	0.12852248083883996
0	0.078658563	0	0.017616883863128336
0	0.078662936	0	0.015567170402126048
1	0.07867168	0	0.018605427374181256
1	0.078680425	1	0.04686875793689352
1	0.07868917	1	0.026336537101642965
0	0.078693542	1	0.01515710358966303
0	0.078697914	1	0.025706340025891432
1	0.078706659	0	0.01460070391120487
1	0.078711031	1	0.03244872628595437
1	0.078715404	1	0.09109971367202023
0	0.078719776	1	0.05955004297668112
1	0.078724148	0	0.0711952499131941
0	0.078737266	1	0.08966793202348454
0	0.078754755	0	0.07063973297255804
1	0.0787635	1	0.01410636690467673
1	0.078767872	1	0.04675373911471417
0	0.078780989	1	0.07169013772854826
0	0.078785361	1	0.09251692546342812
1	0.078794106	1	0.025232765698014057
0	0.078802851	1	0.014116152361158695
1	0.078811595	0	0.027572645209714416
1	0.078815968	1	0.013589000193520275
1	0.078824713	0	0.027132258097525664
1	0.078833457	1	0.009801734778357198
0	0.07883783	1	0.04247125923331066
1	0.078850947	1	0.025983758321081393
1	0.078859691	1	0.014207507017675843
1	0.078885925	1	0.07186771852242996
0	0.078899042	1	0.01401137181574337
1	0.078920904	0	0.050327930745831535
0	0.078925277	0	0.007855313278898473
1	0.078929649	1	0.08361794087095435
0	0.078938394	1	0.014058334964442401
1	0.078942766	1	0.0217874674909678
0	0.078960255	1	0.016614140402675788
1	0.078973372	1	0.022245799945907748
1	0.078977745	1	0.03102628740834032
1	0.078986489	1	0.024087928298635316
1	0.078990862	0	0.009113468202297423
1	0.078995234	1	0.04873901740779016
1	0.079012724	1	0.019558311711749224
0	0.079021468	1	0.00447442808093198
1	0.079069564	0	0.010385106053257832
1	0.079073936	1	0.01952798046469249
1	0.079078309	0	0.016665780306550925
1	0.079082681	0	0.0265254976493684
0	0.079087053	1	0.011974101110822394
1	0.079104543	1	0.007571181487564845
1	0.079122032	1	0.018685906738217947
0	0.079139522	1	0.017179553987362595
0	0.079143894	1	0.013058757731994273
0	0.079148266	0	0.012668855090563627
0	0.079152639	0	0.025858805994481992
1	0.079157011	0	0.14893372831414967
1	0.079161383	1	0.015741028589740677
1	0.079178873	1	0.015798451020570106
1	0.079183245	1	0.01450138468249309
1	0.079187618	1	0.11327235115523332
1	0.079196362	0	0.015118152797592837
1	0.079209479	1	0.023831479836514152
1	0.079218224	1	0.09116982963622677
1	0.079240086	1	0.015604416706956418
1	0.079244458	1	0.029125984093050616
1	0.07924883	1	0.01354639861683255
1	0.079253203	1	0.028625219845082105
1	0.079257575	0	0.017080908324133722
1	0.079261947	0	0.055206423298977784
0	0.079270692	1	0.012596006158475613
1	0.079275064	1	0.1094683160165153
1	0.079283809	1	0.018880005466836516
0	0.079288182	0	0.01602872504403308
1	0.079301299	1	0.02916157781365739
1	0.079305671	0	0.014634515903144803
1	0.079310043	1	0.05457193241046596
1	0.07932316	0	0.026527762003420014
1	0.079327533	0	0.01891595834889115
1	0.079331905	1	0.014427567475831342
1	0.079336277	0	0.0279201658523883
1	0.07934065	1	0.004788244704729556
0	0.079345022	0	0.012071579821377227
1	0.079349394	1	0.009594747749350443
1	0.079358139	1	0.0930759743715946
0	0.079362511	1	0.017079115012600374
0	0.079380001	0	0.01473869205940379
1	0.079384373	1	0.03963773335686613
1	0.079388746	0	0.01712715716372059
0	0.07939749	1	0.027379980746518415
1	0.079401863	1	0.016652801768335137
1	0.079406235	1	0.03808210722922422
0	0.079410607	1	0.020544503006335903
0	0.079419352	1	0.027059001595155924
1	0.079458703	1	0.017022822932880228
0	0.079463076	1	0.022931949732292595
0	0.079467448	0	0.014265620851821231
1	0.079476193	1	0.015697840826770722
1	0.079480565	0	0.011492676303466507
1	0.079506799	1	0.03219560725198014
0	0.079511171	1	0.011956316023771082
1	0.079524288	1	0.013303645699523844
1	0.079541778	0	0.011671865352650504
1	0.079550522	1	0.02913250829796094
0	0.079554895	1	0.02070519827864613
1	0.079568012	0	0.0159807989083131
1	0.079572384	1	0.11328313527464383
1	0.079594246	0	0.018743242123774092
1	0.079598618	1	0.016521947183575133
1	0.079611735	1	0.04658212730608271
1	0.079616108	1	0.05410378296474636
1	0.07962048	0	0.013182035582731226
1	0.079624852	0	0.010515001600769494
1	0.079629225	1	0.005423094238861535
1	0.079637969	0	0.014057833919925662
1	0.079655459	1	0.05137053201489302
1	0.079659831	1	0.0793776552584102
