1	0.078400595	1	0.013523096701648349
1	0.078409339	1	0.013485922754733589
1	0.078418084	1	0.02776999652173587
0	0.078422456	1	0.009716129444353308
1	0.078435573	1	0.00821255055846947
1	0.078439946	1	0.0323384902679723
1	0.078444318	1	0.03379371997911684
1	0.078453063	1	0.011622996643393713
1	0.07846618	1	0.007550648039094627
1	0.078470552	1	0.02808327218808896
1	0.078479297	1	0.0341516417416816
1	0.078483669	1	0.030923900316869254
0	0.078488042	1	0.010548258385826311
1	0.078492414	1	0.031197428791924862
1	0.078496786	1	0.06451467262536527
1	0.078501159	1	0.0038507629511105733
1	0.078509903	1	0.015371814349446334
1	0.078514276	0	0.014158525603133233
1	0.07852302	0	0.022915101837265923
1	0.078527393	0	0.026399493178900436
1	0.078536137	1	0.01054746012344524
1	0.07854051	1	0.009956697147321196
1	0.078544882	1	0.029706111961880017
1	0.078549255	0	0.007545759969487752
0	0.078562372	1	0.012517773787836303
1	0.078566744	1	0.010603352958618084
1	0.078579861	0	0.06665009048989785
1	0.078601723	0	0.006822583677407666
1	0.078623584	1	0.011177639452497567
1	0.078636701	0	0.012723203076535801
1	0.078649819	1	0.06770536741820808
0	0.078658563	0	0.007557106657160881
0	0.078662936	0	0.011675377801594536
1	0.07867168	0	0.008692009606844039
1	0.078680425	1	0.020996179712013403
1	0.07868917	1	0.019752402826232224
0	0.078693542	1	0.011367827692247272
0	0.078697914	1	0.00913256927715602
1	0.078706659	0	0.010950527933403653
1	0.078711031	1	0.01172499437925322
1	0.078715404	1	0.04307278092737932
0	0.078719776	1	0.04466253223251084
1	0.078724148	0	0.05339643743489558
0	0.078737266	1	0.0672509490176134
0	0.078754755	0	0.052979799729418534
1	0.0787635	1	0.010579775178507547
1	0.078767872	1	0.02231367907645909
0	0.078780989	1	0.0537676032964112
0	0.078785361	1	0.06938769409757109
1	0.078794106	1	0.013011066487772607
0	0.078802851	1	0.010587114270869022
1	0.078811595	0	0.015164330224361453
1	0.078815968	1	0.010191750145140207
1	0.078824713	0	0.01199394114911171
1	0.078833457	1	0.007351301083767898
0	0.07883783	1	0.031853444424982995
1	0.078850947	1	0.019487818740811045
1	0.078859691	1	0.010655630263256883
1	0.078885925	1	0.040800320027668605
0	0.078899042	1	0.010508528861807528
1	0.078920904	0	0.02527334389469449
0	0.078925277	0	0.005891484959173855
1	0.078929649	1	0.039480861575004356
0	0.078938394	1	0.010543751223331801
1	0.078942766	1	0.01634060061822585
1	0.078960255	1	0.012953930307054043
1	0.078973372	1	0.009739080292961475
1	0.078977745	1	0.02326971555625524
1	0.078986489	1	0.010988017532260076
1	0.078990862	0	0.006835101151723068
1	0.078995234	1	0.015538542631818227
1	0.079012724	1	0.014668733783811918
0	0.079021468	1	0.0033558210606989846
1	0.079069564	0	0.0077888295399433745
1	0.079073936	1	0.008877142092952357
1	0.079078309	0	0.012499335229913193
1	0.079082681	0	0.0198941232370263
0	0.079087053	1	0.008980575833116795
1	0.079104543	1	0.0056783861156736335
1	0.079122032	1	0.01401443005366346
0	0.079139522	1	0.012884665490521946
0	0.079143894	1	0.009794068298995704
0	0.079148266	0	0.009501641317922721
0	0.079152639	0	0.019394104495861493
1	0.079157011	0	0.07972786977161311
1	0.079161383	1	0.011805771442305508
1	0.079178873	1	0.01184883826542758
1	0.079183245	1	0.003773183451037413
1	0.079187618	1	0.04571321145516648
1	0.079196362	0	0.011338614598194628
1	0.079209479	1	0.017873609877385614
1	0.079218224	1	0.05112637445443397
1	0.079240086	1	0.011703312530217313
1	0.079244458	1	0.01518128899392351
1	0.07924883	1	0.010159798962624412
1	0.079253203	1	0.021468914883811578
1	0.079257575	0	0.01281068124310029
1	0.079261947	0	0.04140481747423334
0	0.079270692	1	0.009447004618856709
1	0.079275064	1	0.08210123701238647
1	0.079283809	1	0.014160004100127386
0	0.079288182	0	0.012021543783024809
1	0.079301299	1	0.021871183360243043
1	0.079305671	0	0.0054164374959143795
1	0.079310043	1	0.02381411645441424
1	0.07932316	0	0.01989582150256501
1	0.079327533	0	0.014186968761668362
1	0.079331905	1	0.010820675606873506
1	0.079336277	0	0.014458806751737094
1	0.07934065	1	0.0035911835285471665
0	0.079345022	0	0.00905368486603292
1	0.079349394	1	0.007196060812012833
1	0.079358139	1	0.06980698077869595
0	0.079362511	1	0.012809336259450282
1	0.079380001	0	0.01134876091960092
1	0.079384373	1	0.01894681161600693
1	0.079388746	0	0.012845367872790442
0	0.07939749	1	0.02053498555988881
1	0.079401863	1	0.012489601326251352
1	0.079406235	1	0.019019941596018372
0	0.079410607	1	0.015408377254751927
0	0.079419352	1	0.020294251196366943
1	0.079458703	1	0.01276711719966017
0	0.079463076	1	0.017198962299219446
0	0.079467448	0	0.010699215638865923
1	0.079476193	1	0.011773380620078043
1	0.079480565	0	0.00861950722759988
1	0.079506799	1	0.014864149487209016
0	0.079511171	1	0.008967237017828311
1	0.079524288	1	0.009977734274642883
1	0.079541778	0	0.008753899014487879
1	0.079550522	1	0.021849381223470705
0	0.079554895	1	0.0155288987089846
1	0.079568012	0	0.00789626186173824
1	0.079572384	1	0.056486472251325484
1	0.079594246	0	0.014057431592830568
1	0.079598618	1	0.012391460387681349
1	0.079611735	1	0.02405853473388423
1	0.079616108	1	0.023460117562425043
1	0.07962048	0	0.00988652668704842
1	0.079624852	0	0.007886251200577121
1	0.079629225	1	0.004067320679146152
1	0.079637969	0	0.010543375439944247
1	0.079655459	1	0.024949652370204998
1	0.079659831	1	0.036507130874830485
1	0.079672948	1	0.03211743747943241
0	0.079677321	1	0.010085653698833442
1	0.079686065	1	0.006105229665530536
0	0.07969481	0	0.006527832307158082
0	0.079707927	1	0.011121945720053992
1	0.079712299	1	0.027300735903738015
1	0.079721044	1	0.02564247105461414
1	0.079734161	1	0.009918407751501518
1	0.079738534	1	0.018613641816767442
1	0.079747278	1	0.008687928048252127
1	0.079751651	1	0.007332324438262098
1	0.079760395	0	0.03694399596746515
1	0.07976914	1	0.012237834043369498
1	0.079782257	1	0.010533635833670356
0	0.079791002	1	0.00624419071044332
1	0.079795374	1	0.04198857307908882
1	0.079799746	1	0.005461690511502763
1	0.079804119	1	0.007476346642893669
1	0.079808491	1	0.006271462661727624
1	0.079821608	1	0.03951168995025274
1	0.079830353	0	0.020893271484385245
1	0.079834725	1	0.01549350496944951
0	0.079839098	1	0.015891737481624157
0	0.07984347	1	0.011936364040886358
1	0.079856587	1	0.003517020800525376
1	0.079860959	1	0.008688886581452683
1	0.079865332	1	0.041192379364862704
1	0.079891566	0	0.008408946834118755
1	0.079895938	1	0.010016423637019387
1	0.079904683	0	0.006552242795234876
1	0.079909055	1	0.02200564632280527
1	0.079922172	0	0.0032920157114976153
1	0.079926545	1	0.023951683848389287
0	0.079930917	1	0.013441084773748878
1	0.079965896	1	0.007213580104430393
1	0.07997464	1	0.07556604241098977
1	0.079979013	1	0.008960763895220176
1	0.079987757	1	0.03134082047094985
1	0.07999213	1	0.0020930865000077146
0	0.080000874	1	0.015166148163573052
1	0.080009619	0	0.0129135754873844
1	0.080022736	1	0.010579618162419282
0	0.080031481	1	0.014897642793157823
1	0.080035853	1	0.007475875334265621
1	0.080040226	1	0.010974431950793109
1	0.08004897	0	0.0071119940461004515
0	0.080057715	0	0.009384226856768116
1	0.080062087	1	0.04826461201429561
1	0.080075204	0	0.01510728367535856
1	0.080079577	0	0.011069985263843448
1	0.080088321	0	0.007984960496711966
1	0.080092694	1	0.055075425599749685
1	0.080101439	1	0.036968871113406784
1	0.080110183	1	0.007843504078433068
1	0.080114556	1	0.018351131001781325
1	0.080118928	1	0.0022130802547910508
1	0.080127673	0	0.01795383022309763
0	0.080132045	1	0.013520071042343696
1	0.080136417	1	0.010891379883342328
1	0.080145162	1	0.008158827218456993
0	0.080153907	1	0.030623594613691248
0	0.080175768	1	0.07192837747134698
0	0.080180141	1	0.012500238036442981
1	0.080184513	0	0.03974716626759277
1	0.080188885	1	0.026111886740503788
0	0.080193258	0	0.006013221704913685
0	0.08019763	1	0.004654438853927735
1	0.080202003	1	0.013706482183645698
0	0.080206375	1	0.01326756636179367
0	0.080210747	0	0.008070404179880973
1	0.080219492	0	0.0034739236303404073
1	0.080232609	1	0.020013056290707678
0	0.080245726	1	0.019959310836576656
1	0.080250098	1	0.04045015304385441
0	0.08027196	1	0.008742629303920071
1	0.080280705	1	0.031171906152976343
1	0.08028945	1	0.04412406989139003
1	0.080293822	1	0.013762842928052977
0	0.080306939	1	0.008694726267455644
0	0.080315684	1	0.03193832956767903
1	0.080320056	0	0.044037697013365455
1	0.080324428	0	0.011952201589834649
1	0.080333173	1	0.01307906187608863
1	0.080350662	1	0.022430992841937256
0	0.080363779	0	0.004149302586382675
1	0.080368152	1	0.012817267943269898
1	0.080372524	1	0.014044753852501122
1	0.080376897	1	0.00802451159721056
0	0.080381269	1	0.011003862555000764
1	0.080385641	1	0.013833836230536493
1	0.080394386	1	0.004545239772329788
1	0.080398758	1	0.01477022263629665
1	0.080407503	1	0.015140696980085452
1	0.080411875	1	0.01063198357940025
1	0.080416248	1	0.01340153405003422
1	0.08042062	0	0.03244356874547355
0	0.080438109	1	0.013039104859759695
1	0.080442482	1	0.03210824476819494
1	0.080446854	1	0.012883111606149264
0	0.080459971	0	0.015998527370504792
0	0.080468716	1	0.007496163320554584
1	0.080477461	1	0.007883010702960056
1	0.080481833	1	0.010107270110472246
1	0.080486205	1	0.019587202254706244
0	0.08049495	0	0.01116134029351203
0	0.080508067	1	0.008170112919793074
1	0.080516812	1	0.007877163615359077
1	0.080521184	1	0.01623628387143014
0	0.080529929	1	0.008229223444023027
1	0.080534301	1	0.024130443083388277
1	0.080543046	1	0.032472997094802246
1	0.080556163	1	0.008083189276852868
1	0.080564908	1	0.016503695085703922
1	0.08056928	1	0.018256197565725486
1	0.080573652	1	0.01644534989080893
1	0.080582397	0	0.020887638938401835
1	0.080595514	1	0.07883879159274958
0	0.080599886	1	0.004535631621828015
1	0.080608631	1	0.10866613966558766
1	0.080617376	0	0.016520274259063453
1	0.080621748	0	0.013055359550231386
1	0.080634865	1	0.004811609075910438
0	0.080639237	0	0.00699821843799917
0	0.080652355	0	0.015121905397691753
1	0.080656727	1	0.007003352918945594
0	0.080665472	1	0.005504984395411752
0	0.080674216	0	0.012365198853074673
1	0.080682961	1	0.006341291503327552
0	0.080687333	0	0.012221742067237043
0	0.080696078	1	0.009537833007117462
0	0.08070045	0	0.020652755104127486
0	0.080704823	1	0.01928690744562698
1	0.080713567	1	0.01149664807909274
1	0.080731057	1	0.018117983366945003
1	0.080735429	0	0.008507680005455907
1	0.080739801	1	0.005032884682251789
1	0.080748546	1	0.03207586583024486
0	0.080761663	0	0.00697759920714859
1	0.08077478	1	0.04162430714354566
0	0.080779153	1	0.009592812397805628
1	0.080805387	1	0.006834922087358484
1	0.080809759	0	0.03242397595469421
1	0.080827248	1	0.01019801627476987
1	0.080862227	0	0.01179160874035346
1	0.080875344	1	0.011757693430724648
1	0.080879717	1	0.011833261837018454
1	0.080884089	0	0.04332696397956468
1	0.080888461	1	0.013552147836464927
1	0.080897206	1	0.009402099071374098
1	0.080901578	0	0.002646386921850912
1	0.080905951	1	0.05228926025838033
1	0.080927813	1	0.008106859562619686
1	0.080932185	1	0.006632248818408413
1	0.080936557	1	0.06887922683348141
1	0.08094093	1	0.01587101714674038
0	0.080949674	1	0.004922811112752055
1	0.080954047	1	0.012605857487174547
0	0.080975908	1	0.009437165778386008
1	0.080989025	1	0.033386949287543995
1	0.080993398	1	0.004892838998427193
0	0.081002142	1	0.016547271893577464
1	0.081010887	1	0.013458362724538014
1	0.081032749	1	0.02694320514594893
1	0.081050238	1	0.029356240566970795
0	0.081067728	1	0.01538764747117306
1	0.081076472	1	0.014402154385695276
1	0.081080845	1	0.01116676842779289
1	0.081085217	0	0.007027016926157821
1	0.081089589	1	0.052760919139916596
1	0.081098334	1	0.030571600876658764
1	0.081102706	1	0.026097666115244254
1	0.081107079	1	0.04271480364800488
1	0.081111451	1	0.0433926432699281
0	0.081115824	0	0.031927457721395755
1	0.081120196	1	0.02387547090180297
1	0.081124568	0	0.0056558530674993696
1	0.081133313	1	0.014685265155561856
1	0.08114643	1	0.020482657742429716
0	0.081150802	1	0.008723326251112615
1	0.081172664	1	0.04195326251441358
0	0.081177036	1	0.011349631842422025
1	0.081181409	0	0.013690594137639166
1	0.081185781	1	0.029555129122833493
1	0.081194526	1	0.00667896963486427
0	0.081207643	1	0.017634721256856112
1	0.08122076	1	0.00807298832891307
1	0.081229505	1	0.05405679278545867
1	0.081255739	1	0.03666238590404908
1	0.081260111	1	0.11384014983193971
1	0.081268856	1	0.07286355791126504
0	0.081281973	1	0.008075705150504911
1	0.081286345	1	0.00529582032278962
1	0.081290718	1	0.0491011903196279
1	0.08129509	1	0.03141316242586719
0	0.081312579	1	0.006758341895405642
1	0.081316952	1	0.011839820675979527
1	0.081321324	1	0.06365221128200166
1	0.081338813	1	0.014229069341556206
1	0.081343186	1	0.015334305819836223
0	0.081356303	1	0.0064488153597674625
1	0.08136942	1	0.005218005210634475
0	0.081378164	0	0.00554188182964101
1	0.081386909	0	0.016274130626231113
0	0.081395654	1	0.026913863664548343
0	0.081404399	1	0.011382226112419711
1	0.081417516	1	0.01487271507333667
1	0.081430633	1	0.025400539856151094
1	0.081435005	1	0.07159623063541301
1	0.08144375	1	0.010663098863782427
1	0.081448122	0	0.01625996893084531
1	0.081456867	1	0.028856185376169442
0	0.081461239	0	0.008193551522322685
1	0.081469984	0	0.01284127471169289
1	0.081491846	1	0.009021408416756372
1	0.081504963	1	0.02940147048669636
1	0.08151808	0	0.010698071270159152
1	0.081522452	1	0.009678651329863305
1	0.081539941	1	0.016465234378837214
1	0.081548686	1	0.00988868268790413
0	0.081553058	1	0.03616277726054565
1	0.081561803	1	0.016151131771784847
1	0.081566176	0	0.02179886580088667
1	0.08159241	1	0.005421932330397365
1	0.081596782	1	0.004553765705538407
1	0.081601154	1	0.007905194889021616
1	0.081609899	1	0.020819693266147313
0	0.081614271	0	0.01703097875350722
1	0.081618644	1	0.01226483737475312
1	0.081631761	1	0.027123628054286704
1	0.081644878	1	0.006528993959814631
1	0.08164925	1	0.045872757246939566
1	0.081657995	1	0.012591892929097983
0	0.081662367	0	0.02221579599971956
1	0.081675484	1	0.042537827978805565
1	0.081684229	0	0.0070835835192122245
1	0.081692974	1	0.1191697190809208
1	0.081697346	1	0.05563651546621635
1	0.081706091	1	0.012640657185404967
1	0.081710463	1	0.004600516274849172
1	0.081714835	1	0.014437701869182981
1	0.081727952	1	0.06117875662250161
0	0.081749814	0	0.010804430516771558
1	0.081754187	0	0.025939634593357512
1	0.081762931	0	0.024381122020777666
1	0.081776048	0	0.011736087188449932
1	0.081780421	1	0.015438080004415504
1	0.081784793	1	0.005559911041767876
1	0.081789165	0	0.01361978856245685
1	0.081793538	1	0.011369149279829877
1	0.081811027	1	0.004716499507187115
0	0.081815399	1	0.00964347460462678
1	0.081824144	1	0.024375733931407163
1	0.081837261	1	0.011041253185636892
1	0.081846006	1	0.009968178581238935
1	0.081850378	1	0.012583160113448833
1	0.081859123	0	0.00764580114703314
1	0.081863495	1	0.05126370934143767
1	0.081867868	1	0.011012286199679332
1	0.081876612	1	0.0480136179887028
1	0.081880985	1	0.024204562958089513
1	0.081885357	1	0.05004710239562171
1	0.081894102	1	0.016442620850864075
0	0.081924708	1	0.007302728879452157
1	0.08192908	0	0.028397209122543714
1	0.081933453	0	0.022344644023794963
0	0.081942198	1	0.005496667011392122
1	0.081955315	1	0.021191847778847958
1	0.081964059	1	0.009463755996319956
0	0.081972804	1	0.01820358617801796
1	0.081981549	1	0.012734865981352846
0	0.081985921	0	0.011519792426109428
1	0.081990293	1	0.037591065935505694
1	0.081994666	1	0.002948340884309448
1	0.08200341	1	0.014294420305771336
1	0.082007783	1	0.0405269418446973
1	0.0820209	1	0.009732093894459995
0	0.082025272	1	0.024413284318526716
1	0.082051506	1	0.0069612017427099415
1	0.082055879	1	0.014352781963425633
1	0.082060251	1	0.010493428814901753
1	0.082064623	1	0.005004243515109963
1	0.082073368	1	0.06161169799462116
0	0.082082113	0	0.014185830096563413
0	0.082086485	1	0.01695348224659261
1	0.082103974	1	0.020469938158322973
0	0.082112719	1	0.010732459198772382
0	0.082117092	0	0.007936976190666608
0	0.082143326	1	0.02485137916554646
1	0.08215207	1	0.06303741159186697
1	0.082156443	1	0.05982164679874268
1	0.08216956	0	0.005736328527346624
0	0.082173932	1	0.009421173681653499
1	0.082178304	1	0.01008134148711651
1	0.082182677	1	0.016854211257000887
1	0.082191421	1	0.01015095118112258
1	0.082208911	1	0.038000514983718855
1	0.082217656	1	0.04642749571944357
0	0.082222028	1	0.01656967726042258
1	0.0822264	1	0.013682262980037729
1	0.082235145	1	0.01722963107563964
1	0.082239517	1	0.01526616142994086
1	0.08224389	1	0.0050501073265578076
1	0.082261379	1	0.008109299418777983
1	0.082270124	0	0.018412958402689375
1	0.082283241	1	0.006261165175529071
1	0.082296358	0	0.013537833950560163
1	0.082305103	1	0.006116188758269297
1	0.082313847	1	0.05417681764533146
1	0.08231822	1	0.01850291603683371
1	0.082322592	1	0.030413336230577268
0	0.082326964	1	0.006959037659300784
1	0.082340081	0	0.021988878027458667
1	0.082344454	1	0.04296874932004523
0	0.082348826	1	0.009676091776728835
1	0.082353198	0	0.03941905515934702
0	0.082361943	1	0.010169185781741587
0	0.082370688	1	0.007235213735792053
1	0.08237506	1	0.013812121892760237
1	0.082379432	1	0.006146085372231645
1	0.082401294	1	0.011084730714343927
0	0.082405667	1	0.012354511758456367
1	0.082423156	0	0.008380949003400435
1	0.082431901	0	0.013377110521061981
1	0.082436273	1	0.014913260196185949
1	0.082440645	0	0.01308650157814872
1	0.082445018	1	0.018924795236624742
1	0.082453762	0	0.02072305023203661
1	0.082458135	1	0.009907134830405999
1	0.082466879	1	0.025839407113026378
1	0.082475624	1	0.016897702110795096
1	0.082479997	1	0.03228441772416913
0	0.082497486	1	0.016107730379013377
1	0.082501858	1	0.019092916886782465
1	0.082510603	1	0.013130238786486635
1	0.082514975	0	0.015788583582324787
1	0.082528092	1	0.01567744122154923
1	0.082532465	1	0.02724744219326845
0	0.082541209	0	0.06267588642944745
1	0.082554326	1	0.026247064201005865
1	0.082558699	1	0.01330812681299117
1	0.082571816	1	0.007469680761520028
0	0.082576188	1	0.0033257480764416134
1	0.082580561	1	0.017084858301836182
1	0.082584933	1	0.0031691933343823467
0	0.08259805	1	0.011594914060655251
1	0.082602422	1	0.03497983385830298
1	0.082615539	1	0.016084547952921652
1	0.082619912	1	0.00960421584523508
0	0.082628656	0	0.017596233237284986
1	0.082633029	1	0.009671352435337201
0	0.082637401	1	0.014823055121563077
1	0.082650518	1	0.012679101846632755
1	0.082659263	1	0.005910534431887067
0	0.082663635	1	0.01740986858295329
0	0.082668008	1	0.014168294071698269
1	0.082676752	1	0.00723339922800684
0	0.082681125	1	0.013590271109329947
1	0.082685497	1	0.010322335094407198
0	0.082698614	1	0.05510939380164777
1	0.082707359	1	0.028193131645546227
1	0.082716103	1	0.02571806643547476
1	0.08272922	1	0.0038789393057996236
0	0.082733593	1	0.008452224095835344
1	0.082751082	1	0.06659630820122432
1	0.082764199	1	0.015435487053651836
1	0.082768572	0	0.010603741249129587
0	0.082781689	1	0.010956228195993019
1	0.082786061	1	0.06716180202861408
1	0.082790433	1	0.06266738142789359
0	0.082799178	1	0.03101621011483302
0	0.08280355	0	0.014302533408450604
0	0.08282104	1	0.025980382056469187
1	0.082825412	1	0.043782945211019615
0	0.082829784	1	0.018285061469020734
1	0.082834157	1	0.030537078063829593
1	0.082842901	1	0.016633341549916084
1	0.082851646	1	0.013084577694209447
1	0.082856019	0	0.022156467356044696
1	0.082869136	1	0.008813733746796878
0	0.08287788	0	0.0033929025541994777
1	0.082882253	0	0.006836969225269684
0	0.082886625	1	0.02225583962588203
1	0.082890997	1	0.03106444424537738
1	0.082908487	1	0.011393938138251371
1	0.082912859	0	0.09545742031761485
0	0.082934721	0	0.015893209099339577
1	0.082943466	1	0.023024736534547362
1	0.082965327	1	0.0056014614850696
1	0.082978444	1	0.027001994502472725
1	0.082982817	1	0.06317547575502974
1	0.082987189	1	0.021880944316123595
1	0.082991561	0	0.01112328099504168
0	0.082995934	1	0.012286704620969056
1	0.083000306	1	0.035767189435944174
1	0.083009051	1	0.017405038329250073
0	0.083013423	1	0.022801070953602454
0	0.083017795	1	0.0251646525355501
1	0.083022168	1	0.010304425515001369
0	0.08302654	1	0.009567947656084302
1	0.083035285	1	0.12998554579292468
1	0.08304403	1	0.14539764691906742
1	0.083048402	1	0.005967758408373918
1	0.083057147	1	0.006536296956353371
0	0.083083381	0	0.006070516790213572
1	0.083092125	0	0.007338407515073469
1	0.083105242	1	0.011937387420730972
1	0.083113987	1	0.018635343491624975
1	0.083122732	1	0.012128201255445852
0	0.083127104	1	0.03695223576339318
1	0.083140221	1	0.0933676486817474
1	0.083144594	1	0.038886347020825635
0	0.083148966	1	0.032957132672372796
1	0.083153338	1	0.032333145585503244
0	0.083157711	1	0.010227337660040916
1	0.083166455	1	0.010606202075245553
1	0.083179572	1	0.004266867451447522
0	0.083183945	1	0.00527614488451023
0	0.083188317	1	0.015526305390923045
1	0.083201434	0	0.012042689118538598
0	0.083210179	1	0.013600002363295519
1	0.083218924	1	0.015562722118908082
1	0.083223296	1	0.012177275944210258
0	0.083245158	1	0.03682111702951593
1	0.083267019	1	0.012413961756307209
0	0.083271392	1	0.01217578390499501
1	0.083280136	0	0.01130997905441671
1	0.083284509	1	0.05871654364520558
0	0.083288881	1	0.006894018419833784
1	0.083297626	1	0.01265015414037823
1	0.083306371	1	0.02068151338428112
0	0.083310743	0	0.0138164952387718
0	0.083319488	1	0.015702240122206952
1	0.08332386	1	0.027983490607719895
1	0.083328232	1	0.06652649218124713
1	0.083332605	1	0.04988798496979847
0	0.083345722	1	0.010635747697268317
1	0.083354466	1	0.012252818878543851
1	0.083363211	1	0.012988393367094358
1	0.0833807	0	0.010108567076033446
1	0.083385073	1	0.023191343823582275
1	0.08339819	1	0.008222357833330656
0	0.083406935	1	0.022361399247518964
1	0.083411307	1	0.01127657734120442
1	0.083415679	1	0.013631036692921709
0	0.083420052	0	0.011387649194074936
0	0.083446286	0	0.014611868143995567
1	0.083450658	1	0.014757783810543957
1	0.08345503	1	0.011453243683221159
1	0.083463775	1	0.010053046953114134
1	0.08347252	1	0.012778136078549414
0	0.083481264	1	0.061136515050039426
1	0.083485637	1	0.1249443104333371
1	0.083490009	1	0.053817133394391356
1	0.083498754	1	0.001997369940053343
0	0.083503126	1	0.009262004607246039
1	0.08352936	1	0.027612194566767938
0	0.083551222	1	0.0012102250797946844
1	0.083555594	1	0.015254928500414964
1	0.083559967	1	0.01916343180672727
1	0.083586201	0	0.011695557254048436
1	0.08360369	1	0.00635902292995606
0	0.083608063	1	0.02908605140100852
1	0.083612435	1	0.010197540393434035
1	0.083616807	1	0.008764721722829993
1	0.083634297	1	0.008323764031707679
1	0.083638669	1	0.02968306743238354
1	0.083651786	1	0.03916292750770176
1	0.083656158	0	0.006161660961020852
0	0.083669276	1	0.015816296089499644
1	0.083704254	1	0.010536615438095564
1	0.083717371	0	0.014035631692308273
1	0.083726116	1	0.011669717049521867
1	0.083730488	1	0.03957314860868893
1	0.08375235	1	0.014428606610224905
1	0.083756722	1	0.05210842278045251
1	0.083761095	0	0.006017033139222874
0	0.083765467	1	0.008888337960496007
1	0.083778584	1	0.01920574307397868
0	0.083791701	1	0.028307818771109453
1	0.083800446	1	0.02540815265660649
1	0.083804818	0	0.007898386528142324
1	0.083813563	1	0.017538853988750117
0	0.083817935	0	0.014729060913133021
0	0.083831052	1	0.003622650820924103
1	0.083852914	1	0.009935161869010188
1	0.083861659	1	0.0031360533087362963
0	0.083874776	1	0.014118890752563161
1	0.083887893	1	0.0077476021891883465
1	0.083896638	1	0.018778758055384297
0	0.08390101	1	0.01148813471453227
1	0.083905382	1	0.021440584480617336
1	0.083909755	0	0.012751280685314507
1	0.083918499	0	0.011320388021222165
0	0.083922872	1	0.05953686809250939
1	0.083931616	1	0.018674432614093305
1	0.083949106	1	0.011172187954932813
0	0.083953478	1	7.822851090558375E-4
0	0.083962223	1	0.016102424834948444
0	0.083970968	1	0.018345112421983722
1	0.083979712	1	0.052267154640194276
1	0.083984085	1	0.009655759903098898
1	0.083992829	0	0.005024448432632931
1	0.084014691	0	0.012114621174139898
1	0.084019063	1	0.039948790912922534
1	0.08403218	0	0.04499489954210324
0	0.084036553	0	0.00471966830264893
1	0.084040925	0	0.014937619317986251
1	0.08404967	1	0.06696932457666459
1	0.084067159	1	0.02339523251726643
0	0.084071532	1	0.04845757237878272
1	0.084093393	1	0.006367809721599427
1	0.084110883	1	0.007156726615311654
1	0.084115255	1	0.01979466768392466
1	0.084119627	1	0.005641603562256602
0	0.084128372	1	0.0087616104557192
1	0.084137117	1	0.029019116355816534
1	0.084141489	1	0.010434200762818995
1	0.084150234	0	0.012437377223068279
0	0.084158979	0	0.027333411801708302
1	0.084163351	1	0.08145307568969445
1	0.084167723	1	0.04498586963832458
1	0.084172096	0	0.007651753026371746
1	0.084189585	1	0.01724859437655954
1	0.08419833	1	0.007413899858466698
1	0.084202702	0	0.02866609010917609
0	0.084233309	0	0.013338768423867142
1	0.084237681	1	0.03679052055878187
1	0.084242053	1	0.0264049434843379
1	0.084246426	1	0.011198846896211485
1	0.08425517	1	0.02264855424204042
1	0.084285777	1	0.014202560076559108
1	0.084312011	1	0.03472521691409042
1	0.084325128	1	0.01593590653653193
0	0.0843295	1	0.011173690608181587
0	0.084333873	1	0.02519059734368968
1	0.084351362	1	0.021207667909964655
0	0.084368851	0	0.005629357717999621
1	0.084381968	0	0.011946291446715817
1	0.084386341	1	0.01454687849442888
1	0.08442132	1	0.0068577328751245935
1	0.084425692	0	0.008324485728096917
1	0.084430064	1	0.014788838353009617
1	0.084434437	1	0.03327772269942348
1	0.084438809	0	0.03568650921301724
0	0.084447554	1	0.020141279916894766
1	0.084465043	1	0.06102768066726745
1	0.08447816	1	0.046721649767804754
1	0.084486905	1	0.029844581079485646
1	0.084491277	0	0.005361239639461547
1	0.08449565	1	0.03744705988078263
1	0.084500022	1	0.011443508363460038
0	0.084508767	1	0.011842514521014803
0	0.084535001	1	0.03715045723419076
0	0.084539373	0	0.010769090505569661
0	0.084543745	1	0.030670919589886797
1	0.084548118	0	0.00653820686766348
0	0.084565607	0	0.011414229812066544
1	0.084574352	1	0.024171116998333998
1	0.084578724	1	0.0057517457294572385
0	0.084583096	0	0.009509608896794851
0	0.084587469	0	0.008662746629037384
1	0.084591841	1	0.008281754600999485
1	0.084600586	1	0.01567803887905614
1	0.084604958	1	0.0064611799471555355
1	0.084609331	1	0.021504458243639765
1	0.084618075	0	0.01474974731971566
1	0.084631192	1	0.05722233464862155
1	0.084635565	1	0.04109374552251476
1	0.084639937	1	0.010494634448317379
0	0.084644309	0	0.004356941479379005
0	0.084648682	1	0.01924415248560193
1	0.084653054	1	0.00947924257936877
1	0.084657426	1	0.0363515713505032
1	0.084666171	1	0.01756261332814125
0	0.084670543	1	0.00830515612692994
0	0.084674916	1	0.01208452364007182
1	0.084692405	1	0.028513256203539762
0	0.08470115	1	0.008029954484568788
1	0.084705522	1	0.021922089448052212
0	0.084714267	1	0.005919247644343834
1	0.084731756	1	0.03226999381420531
0	0.084744873	1	0.013501088139204096
1	0.084753618	0	0.015185988764309136
1	0.084762363	1	0.008321691147025752
1	0.084771108	0	0.019108669647229896
0	0.084784225	1	0.03970894399564038
0	0.084788597	1	0.02444174695950366
1	0.084797342	0	0.039951742704127116
1	0.084806086	1	0.012256238455666467
1	0.084823576	1	0.01091691337785374
1	0.08483232	1	0.02439404298156141
0	0.084841065	0	0.014377327283550494
1	0.084845437	1	0.005910637526055424
0	0.08484981	1	0.022408745711467906
1	0.084854182	0	0.012512084916079979
1	0.084862927	1	0.028103166724984065
0	0.084867299	0	0.012457282490497048
0	0.084876044	1	0.012343298401376266
1	0.084880416	1	0.022909837937551268
1	0.084897906	0	0.020134319539696573
1	0.084902278	1	0.012126335935948153
0	0.084911023	1	0.004976961221550062
0	0.084915395	1	0.01175386618563577
0	0.084919767	0	0.0034526791471801662
1	0.08492414	1	0.01255868628597795
1	0.084946001	1	0.007737083717132268
1	0.084963491	1	0.017510119485952463
1	0.084976608	1	0.024227459962904752
1	0.08498098	1	0.00835896731085001
1	0.084994097	1	0.06987595032494966
1	0.08499847	1	0.04394526391200819
1	0.085002842	1	0.004516724327479255
0	0.085011587	0	0.006473419940250015
1	0.085020331	1	0.03454985138491354
1	0.085042193	1	0.014854181195346178
1	0.085050938	1	0.021421459256194885
0	0.08505531	0	0.007135026679529697
1	0.085059683	1	0.0315718453071601
1	0.085064055	1	0.008074852674447065
0	0.085068427	1	0.007530155071415827
1	0.0850728	1	0.01105724465144536
1	0.085081544	1	0.01094005970739494
1	0.085090289	1	0.025885214046326165
1	0.085094661	1	0.009551374817814788
1	0.085107778	1	0.015868214661158328
1	0.08512964	1	0.024525175944567486
1	0.085138385	1	0.030914825404827918
0	0.085142757	1	0.007225711305755649
1	0.085160247	1	0.006526560591095118
1	0.085195225	1	0.055484221921293736
1	0.085199598	0	0.023206744053641804
1	0.085208342	1	0.00850439482756647
1	0.085221459	1	0.01333570736515656
1	0.085234577	1	0.04887938007352019
1	0.085238949	1	0.009688617322538782
1	0.085247694	1	0.007048767740643411
1	0.085252066	1	0.02611419710681587
1	0.085269555	1	0.015980402061857222
1	0.0852783	0	0.048571112602802544
1	0.085282672	0	0.01169053649791169
1	0.085287045	0	0.008523806189102002
0	0.085291417	1	0.00885992109906787
0	0.085304534	1	0.008652116211431748
1	0.085313279	0	0.010607871236893327
1	0.085330768	1	0.04398365356046393
1	0.085348258	1	0.1056927108422204
1	0.085365747	1	0.05368512391981541
1	0.085378864	0	0.010539393064766311
1	0.085387609	1	0.012410384357263807
1	0.085396353	1	0.009332296722270534
1	0.085400726	1	0.021838325424457215
1	0.085409471	1	0.11702575324094293
1	0.085422588	0	0.005382276070142372
1	0.08542696	1	0.01525950962508805
0	0.085431332	0	0.005728978911208809
1	0.085435705	1	0.008076781150211898
1	0.085457566	1	0.0058968887093153
1	0.085461939	1	0.04480593036958465
0	0.085470683	0	0.016310938304317752
1	0.0854838	1	0.037823064451306315
1	0.08550129	1	0.016847531222195174
0	0.085523152	1	0.022275462914760236
0	0.085527524	0	0.02882394605071749
1	0.085536269	1	0.010633126289453789
0	0.085545013	0	0.019447711773900297
1	0.08555813	1	0.02044247638467791
1	0.085562503	1	0.05177663194247811
1	0.08557562	0	0.010492714229163064
0	0.085579992	1	0.011697797916613505
1	0.085588737	1	0.023864458376342212
1	0.085593109	0	0.0768314142518442
1	0.085597482	1	0.031441210965185
1	0.085606226	1	0.025093583974673393
1	0.085610599	1	0.0389791070469374
1	0.085619343	1	0.013102828927844205
1	0.08563246	1	0.04117985630660515
1	0.08564995	0	0.011171334658840818
1	0.085654322	1	0.03232396466089118
1	0.085658694	0	0.014218805638592716
1	0.085667439	1	0.08613455807684209
1	0.085671811	1	0.018543920158029286
1	0.085676184	1	0.010232511891664468
1	0.085680556	1	0.02531671072959058
1	0.085684929	1	0.007179212024643818
1	0.085698046	1	0.01455975737435889
1	0.085702418	1	0.019442979503676048
1	0.085737397	1	0.011213046108156313
1	0.085741769	1	0.021038784652811688
1	0.085754886	1	0.010881561517555696
0	0.085763631	1	0.011104441004459191
1	0.085776748	1	0.02262331403154978
1	0.08578112	1	0.022919740952399254
1	0.085794237	1	0.04721456531543343
1	0.08579861	1	0.006230148507881735
1	0.085807354	1	0.027343658503593656
1	0.085824844	1	0.017561938488080048
1	0.085829216	0	0.022830163124995927
1	0.085837961	1	0.029490648638114788
1	0.085851078	1	0.02332865439585049
1	0.085864195	1	0.020916395058479642
0	0.085868567	1	0.022250358834076504
1	0.085877312	1	0.01926696681470666
1	0.085886057	1	0.00906881782313483
1	0.085890429	1	0.017815378978921926
1	0.085894801	1	0.014858846285761283
1	0.085899174	1	0.08988715992296421
0	0.085903546	1	0.015358672186219948
0	0.085907918	0	0.03944221014385398
0	0.085916663	1	0.01191225920093446
1	0.085921035	1	0.05053806089468609
1	0.085934152	0	0.007458176096088277
1	0.085938525	1	0.03186975237938351
1	0.085947269	1	0.02935201673897384
0	0.085956014	1	0.016503942350304064
1	0.085960387	1	0.009511048945554148
1	0.085986621	1	0.02228466942464088
1	0.085990993	1	0.03991781029707543
1	0.085995365	1	0.059663257061925816
1	0.086012855	1	0.008009520861313152
1	0.086025972	0	0.02319580479816244
1	0.086030344	1	0.022413967825368194
1	0.086034716	1	0.00900932097568819
1	0.086039089	1	0.019629892491007175
1	0.086052206	1	0.013255458163752324
1	0.086056578	1	0.0707730888844849
0	0.086060951	1	0.006492732667983365
1	0.086074068	1	0.0625188962110538
0	0.086082812	1	0.014234241331817268
1	0.086100302	0	0.009687935687444287
1	0.08613528	1	0.010100472330426344
1	0.086139653	1	0.038776525567661174
1	0.086144025	1	0.043824499933534856
1	0.086148398	1	0.021512496275254867
1	0.08615277	1	0.022836206428074282
0	0.086157142	1	0.009706384005026603
0	0.086170259	1	0.0113509610340589
1	0.086174632	0	0.018670604127252258
1	0.086179004	1	0.020414221334704333
1	0.086192121	0	0.018963418995457667
1	0.086200866	1	0.019789246585966338
1	0.08620961	1	0.012692661733976372
1	0.086213983	1	0.013063084061043022
1	0.0862271	1	0.025494152638559253
0	0.086231472	0	0.015365877534743442
1	0.086235845	1	0.012615205519901461
1	0.086244589	0	0.0046592697196871586
0	0.086248962	0	0.007139447313314473
0	0.086257706	1	0.006071686249126396
0	0.086262079	0	0.027570269024266524
1	0.086270823	0	0.01847198391501226
1	0.08628394	1	0.009253331049808343
1	0.086288313	0	0.022950321698013604
1	0.08630143	1	0.020810679892096586
0	0.086318919	0	0.00876451927419047
0	0.086323292	1	0.02686226377930056
1	0.086327664	1	0.05706396908295592
0	0.086336409	0	0.008045927269677565
1	0.086345153	1	0.056894286223939314
1	0.086353898	1	0.018711713963004067
1	0.086362643	1	0.0150954529180717
1	0.086380132	1	0.026915088213963125
0	0.086384504	0	0.00568087203498912
1	0.086393249	0	0.013804654999135536
1	0.086406366	1	0.017958223120772686
1	0.086410738	1	0.017121486654962163
1	0.086415111	1	0.03491993593464045
1	0.086423856	1	0.014365839869936685
1	0.086428228	1	0.014343655818501059
1	0.0864326	1	0.013477657788889433
1	0.086436973	0	0.008609348527277924
1	0.086454462	1	0.018448230961658357
1	0.086467579	1	0.011451021999631019
1	0.086476324	1	0.019834925528904056
1	0.086485068	1	0.020802203426638046
1	0.086489441	0	0.009906116215006727
1	0.08650693	0	0.011927742626052543
0	0.086511303	1	0.008942257995236812
0	0.086515675	1	0.010575768994082439
1	0.08652442	1	0.06124733126491438
1	0.086528792	0	0.005628970730669188
1	0.086546281	1	0.013962996221998408
1	0.086550654	1	0.037253978865065415
1	0.086555026	1	0.00985100580724012
0	0.086563771	1	0.04166759898714501
1	0.086576888	1	0.027366338192083783
1	0.086590005	1	0.002676466834086817
1	0.08659875	1	0.007431780932309454
0	0.086607494	0	0.00709690529092468
1	0.086611867	1	0.0019651592923608644
0	0.086616239	1	0.010044489681143805
1	0.086624984	1	0.010760183151760909
1	0.086629356	1	0.023750657726293145
1	0.086638101	1	0.044398379363418616
0	0.086642473	1	0.007069326512811476
1	0.086646845	1	0.06214694131897999
1	0.08665559	1	0.07327490002381346
1	0.086668707	1	0.027958472119026634
1	0.086677452	1	0.02002651032496872
1	0.086681824	0	0.0040225895401125355
1	0.086686196	1	0.011853580528052202
1	0.086690569	0	0.012931581939375469
0	0.086694941	1	0.0045361013493467215
1	0.086699314	1	0.04860730877566678
1	0.086703686	1	0.011750399756709703
1	0.086712431	1	0.010249411403399541
1	0.086743037	0	0.019284125232362597
1	0.086751782	1	0.015457350286575803
0	0.086756154	1	0.007812198358904681
1	0.086760526	0	0.023555853026861657
1	0.086764899	1	0.023659619659763334
0	0.086795505	1	0.008816504145787272
1	0.08680425	0	0.006129894680981985
1	0.086812995	0	0.03628364689123786
0	0.086817367	1	0.005136644866389648
1	0.086821739	1	0.019037261984678134
1	0.086834856	1	0.01678430149624217
1	0.086839229	1	0.02262682995149916
0	0.086843601	1	0.007798146169386145
1	0.08686109	1	0.07271214994237098
1	0.086865463	1	0.010263625975722574
1	0.086869835	1	0.012481701098787943
0	0.08687858	1	0.004632756513843456
0	0.086887325	0	0.011617844294281091
1	0.086896069	1	0.030792071750037814
1	0.086900442	1	0.00731592326060055
1	0.086909186	1	0.05959040164458386
0	0.086926676	1	0.007805293479316183
0	0.08693542	1	0.007264847721111804
1	0.08695291	1	0.029503749744590434
1	0.086957282	1	0.04039932969354083
1	0.086961654	1	0.010750136477945286
1	0.086970399	1	0.030814846165832653
1	0.086974772	0	0.008088525368580207
1	0.086983516	1	0.010929009309623561
1	0.086987889	1	0.009480093581236432
1	0.086992261	1	0.013495793032659669
1	0.086996633	1	0.024275581433817278
0	0.087001006	1	0.005779541936149749
1	0.087005378	1	0.016449234049273537
1	0.08700975	1	0.10455158102943556
0	0.087018495	1	0.014576236492564362
1	0.08702724	1	0.029199352039429777
1	0.087035984	0	0.006737796397805155
0	0.087040357	1	0.010148968143456892
1	0.087049101	1	0.006048638505349042
0	0.087057846	0	0.013368542547512276
1	0.087066591	0	0.00844607096951038
0	0.087079708	1	0.0224742829431906
1	0.08708408	1	0.031498435158617166
0	0.087092825	1	0.011200708005979885
1	0.087097197	1	0.02749958431595123
1	0.087110314	1	0.012083509606495827
1	0.087123431	1	0.012378474303346322
0	0.087132176	1	0.02128596197051205
1	0.087136548	0	0.00901259578840461
