1	0.078400595	1	0.03345725467173792
1	0.078409339	1	0.03643209096695031
0	0.078418084	1	0.0339991332577831
0	0.078422456	1	0.012954839259137743
1	0.078435573	1	0.013092734992440673
1	0.078439946	1	0.05544174482028108
1	0.078444318	1	0.045058293305489126
1	0.078453063	1	0.015497328857858284
1	0.07846618	1	0.012705671600959556
1	0.078470552	1	0.03744436291745195
1	0.078479297	1	0.08316900392238416
1	0.078483669	1	0.041231867089159005
0	0.078488042	1	0.014064344514435083
1	0.078492414	1	0.04814621958040184
0	0.078496786	1	0.0663136836220819
1	0.078501159	1	0.014722318188367877
1	0.078509903	1	0.024392124581710965
1	0.078514276	0	0.018878034137510977
1	0.07852302	0	0.05408648130938101
1	0.078527393	0	0.03977118350918678
1	0.078536137	1	0.014063280164593654
1	0.07854051	1	0.013275596196428261
1	0.078544882	1	0.05297530605486826
1	0.078549255	0	0.014185189065630826
0	0.078562372	1	0.016690365050448405
1	0.078566744	1	0.014137803944824112
1	0.078579861	0	0.10480190667196598
1	0.078601723	0	0.01663218078325587
1	0.078623584	1	0.014903519269996756
1	0.078636701	0	0.0169642707687144
1	0.078649819	1	0.11067098085831578
0	0.078658563	0	0.013976107486144399
0	0.078662936	0	0.015567170402126048
1	0.07867168	0	0.01504559852230676
1	0.078680425	1	0.034953535312967285
1	0.07868917	1	0.026336537101642965
0	0.078693542	1	0.01515710358966303
0	0.078697914	1	0.018793597609458614
1	0.078706659	0	0.01460070391120487
1	0.078711031	1	0.026388644862159336
1	0.078715404	1	0.07244653851163385
0	0.078719776	1	0.05955004297668112
1	0.078724148	0	0.0711952499131941
1	0.078737266	1	0.08146956577200593
0	0.078754755	0	0.07063973297255804
0	0.0787635	1	0.012011079309396872
1	0.078767872	1	0.036034375012279164
0	0.078780989	1	0.07169013772854826
0	0.078785361	1	0.09251692546342812
1	0.078794106	1	0.021283011363075886
0	0.078802851	1	0.014116152361158695
1	0.078811595	0	0.023287449364851817
1	0.078815968	1	0.01826414728530249
1	0.078824713	0	0.02157899103048746
1	0.078833457	1	0.013632025827047648
0	0.07883783	1	0.0715994799457378
1	0.078850947	1	0.025983758321081393
1	0.078859691	1	0.014207507017675843
1	0.078885925	1	0.0621445603428696
0	0.078899042	1	0.01401137181574337
1	0.078920904	0	0.0408378520278373
0	0.078925277	0	0.007855313278898473
1	0.078929649	1	0.07032028408133832
0	0.078938394	1	0.014058334964442401
1	0.078942766	1	0.02846477225642623
1	0.078960255	1	0.020561576010022793
1	0.078973372	1	0.01817607271439202
1	0.078977745	1	0.045932451862613036
1	0.078986489	1	0.020054948631384302
1	0.078990862	0	0.009113468202297423
1	0.078995234	1	0.0385731396233995
1	0.079012724	1	0.019558311711749224
0	0.079021468	1	0.00447442808093198
1	0.079069564	0	0.014852418770469144
1	0.079073936	1	0.015952344700265825
1	0.079078309	0	0.016665780306550925
1	0.079082681	0	0.03288230556153327
0	0.079087053	1	0.011974101110822394
1	0.079104543	1	0.012346584359104506
1	0.079122032	1	0.027744241092571544
0	0.079139522	1	0.017179553987362595
0	0.079143894	1	0.013058757731994273
0	0.079148266	0	0.012668855090563627
0	0.079152639	0	0.025858805994481992
1	0.079157011	0	0.12825298440056326
1	0.079161383	1	0.015741028589740677
0	0.079178873	1	0.01328949738935412
1	0.079183245	1	0.011044566805116273
1	0.079187618	1	0.09410855250505892
0	0.079196362	0	0.013279515449009694
0	0.079209479	1	0.022990129944087438
1	0.079218224	1	0.07865170035155442
1	0.079240086	1	0.019707292494413275
1	0.079244458	1	0.02453051999080986
1	0.07924883	1	0.021920846395653275
1	0.079253203	1	0.028625219845082105
0	0.079257575	0	0.0163279637320713
1	0.079261947	0	0.07737820997437424
0	0.079270692	1	0.012596006158475613
1	0.079275064	1	0.1094683160165153
1	0.079283809	1	0.02438561047457876
1	0.079288182	0	0.014720967041011614
1	0.079301299	1	0.02916157781365739
1	0.079305671	0	0.00979832443264542
1	0.079310043	1	0.045633404502664336
1	0.07932316	0	0.03214831765801536
1	0.079327533	0	0.01891595834889115
1	0.079331905	1	0.02357409592590669
1	0.079336277	0	0.02304777526952185
1	0.07934065	1	0.004788244704729556
0	0.079345022	0	0.012071579821377227
1	0.079349394	1	0.009594747749350443
0	0.079358139	1	0.07305064315004293
0	0.079362511	1	0.017079115012600374
1	0.079380001	0	0.018285151999581938
1	0.079384373	1	0.03128288280521882
1	0.079388746	0	0.01712715716372059
0	0.07939749	1	0.027379980746518415
1	0.079401863	1	0.016652801768335137
1	0.079406235	1	0.03144503903276948
0	0.079410607	1	0.020544503006335903
1	0.079419352	1	0.026276975897525992
1	0.079458703	1	0.017022822932880228
0	0.079463076	1	0.022931949732292595
0	0.079467448	0	0.014265620851821231
1	0.079476193	1	0.015697840826770722
1	0.079480565	0	0.016930455273125457
1	0.079506799	1	0.025312445084307245
0	0.079511171	1	0.014823714186760796
1	0.079524288	1	0.01846509475302481
1	0.079541778	0	0.011671865352650504
1	0.079550522	1	0.02913250829796094
0	0.079554895	1	0.02070519827864613
1	0.079568012	0	0.013335383628479133
1	0.079572384	1	0.0954674112543483
1	0.079594246	0	0.018743242123774092
1	0.079598618	1	0.016521947183575133
1	0.079611735	1	0.038749500264494696
1	0.079616108	1	0.044057872580309194
1	0.07962048	0	0.013182035582731226
1	0.079624852	0	0.010515001600769494
1	0.079629225	1	0.005423094238861535
1	0.079637969	0	0.0187818790503306
1	0.079655459	1	0.043789855363165806
1	0.079659831	1	0.0657640875563781
0	0.079672948	1	0.03845450424496905
0	0.079677321	1	0.013447538265111256
1	0.079686065	1	0.008140306220707381
0	0.07969481	0	0.008703776409544109
0	0.079707927	1	0.01482926096007199
1	0.079712299	1	0.04484347649665879
1	0.079721044	1	0.04810727294985903
1	0.079734161	1	0.01322454366866869
1	0.079738534	1	0.04559144725591622
1	0.079747278	1	0.015236557047728663
1	0.079751651	1	0.009776432584349464
1	0.079760395	0	0.06410931751936372
1	0.07976914	1	0.016317112057826
1	0.079782257	1	0.014044847778227142
0	0.079791002	1	0.008325587613924426
1	0.079795374	1	0.05598476410545176
1	0.079799746	1	0.02171364661460575
1	0.079804119	1	0.009968462190524892
1	0.079808491	1	0.008361950215636833
1	0.079821608	1	0.052682253267003654
1	0.079830353	0	0.02785769531251366
1	0.079834725	1	0.02065800662593268
0	0.079839098	1	0.021188983308832208
0	0.07984347	1	0.015915152054515144
1	0.079856587	1	0.013375679857024224
1	0.079860959	1	0.014588655916767144
1	0.079865332	1	0.0549231724864836
1	0.079891566	0	0.0227485507708584
1	0.079895938	1	0.01335523151602585
1	0.079904683	0	0.008736323726979835
1	0.079909055	1	0.039647251210526153
1	0.079922172	0	0.004389354281996821
1	0.079926545	1	0.03193557846451905
0	0.079930917	1	0.02495049995193556
1	0.079965896	1	0.011758889810168595
1	0.07997464	1	0.1300486878542928
1	0.079979013	1	0.01631077595213862
1	0.079987757	1	0.05038275974313014
1	0.07999213	1	0.007523932000018787
0	0.080000874	1	0.02022153088476407
1	0.080009619	0	0.017218100649845868
1	0.080022736	1	0.025891930035110616
0	0.080031481	1	0.019863523724210432
1	0.080035853	1	0.009967833779020828
1	0.080040226	1	0.018244544358496404
1	0.08004897	0	0.013129421080768113
0	0.080057715	0	0.012512302475690821
1	0.080062087	1	0.07448807810486062
1	0.080075204	0	0.02014304490047808
1	0.080079577	0	0.014759980351791263
1	0.080088321	0	0.014120995368903478
1	0.080092694	1	0.10672023785636343
1	0.080101439	1	0.0670346363484367
1	0.080110183	1	0.010458005437910757
1	0.080114556	1	0.031370666054179486
1	0.080118928	1	0.002950773673054734
1	0.080127673	0	0.031019159534213532
0	0.080132045	1	0.018026761389791594
1	0.080136417	1	0.01713297565371458
1	0.080145162	1	0.017290268038855895
0	0.080153907	1	0.040831459484921666
0	0.080175768	1	0.0959045032951293
0	0.080180141	1	0.01666698404859064
1	0.080184513	0	0.0639109873048036
1	0.080188885	1	0.04045315497210444
0	0.080193258	0	0.008017628939884914
0	0.08019763	1	0.006205918471903647
1	0.080202003	1	0.018275309578194263
0	0.080206375	1	0.01769008848239156
0	0.080210747	0	0.010760538906507964
1	0.080219492	0	0.00463189817378721
1	0.080232609	1	0.026684075054276904
0	0.080245726	1	0.0341515393257211
1	0.080250098	1	0.0723518703720886
0	0.08027196	1	0.01165683907189343
1	0.080280705	1	0.05123694059863322
1	0.08028945	1	0.07342797286765121
1	0.080293822	1	0.039335495685950315
0	0.080306939	1	0.011592968356607525
0	0.080315684	1	0.04258443942357204
1	0.080320056	0	0.05871692935115394
0	0.080324428	0	0.012986886786736202
1	0.080333173	1	0.017438749168118172
1	0.080350662	1	0.04918617340170964
0	0.080363779	0	0.005532403448510233
1	0.080368152	1	0.020929286115665115
1	0.080372524	1	0.022717396101776345
1	0.080376897	1	0.016180240953427287
0	0.080381269	1	0.014671816740001018
1	0.080385641	1	0.02448785622584388
1	0.080394386	1	0.006060319696439717
1	0.080398758	1	0.04710029010159483
1	0.080407503	1	0.029545246959827867
1	0.080411875	1	0.014175978105867
1	0.080416248	1	0.03364067472132187
0	0.08042062	0	0.04190941501119928
0	0.080438109	1	0.02059104158047114
1	0.080442482	1	0.050637837568262914
1	0.080446854	1	0.02663787911163967
0	0.080459971	0	0.025794559816849787
0	0.080468716	1	0.009994884427406111
1	0.080477461	1	0.025107084898650423
1	0.080481833	1	0.01702329314038079
1	0.080486205	1	0.036533009217852595
0	0.08049495	0	0.014881787058016039
0	0.080508067	1	0.013885816212139267
1	0.080516812	1	0.012416994756754323
1	0.080521184	1	0.02948554728415162
0	0.080529929	1	0.010972297925364036
1	0.080534301	1	0.03671409856431565
1	0.080543046	1	0.06075910032217345
1	0.080556163	1	0.013961679814852931
1	0.080564908	1	0.02200492678093856
1	0.08056928	1	0.024341596754300646
1	0.080573652	1	0.03617087167568628
1	0.080582397	0	0.0360738611525587
1	0.080595514	1	0.12048267566703633
0	0.080599886	1	0.006047508829104021
1	0.080608631	1	0.16942639250136093
1	0.080617376	0	0.022027032345417936
1	0.080621748	0	0.01740714606697518
1	0.080634865	1	0.01141191983163704
0	0.080639237	0	0.009330957917332227
0	0.080652355	0	0.025933782094985505
1	0.080656727	1	0.04205730370486684
0	0.080665472	1	0.007339979193882336
1	0.080674216	0	0.013569670789862799
1	0.080682961	1	0.010843053873789522
0	0.080687333	0	0.01629565608964939
0	0.080696078	1	0.012717110676156615
0	0.08070045	0	0.027537006805503316
0	0.080704823	1	0.025715876594169306
0	0.080713567	1	0.014746159663590077
1	0.080731057	1	0.03555736468454187
1	0.080735429	0	0.014117291057997158
1	0.080739801	1	0.006710512909669053
1	0.080748546	1	0.053049070252802324
0	0.080761663	0	0.009303465609531453
1	0.08077478	1	0.0727072278022726
0	0.080779153	1	0.012790416530407503
1	0.080805387	1	0.01887393482212343
1	0.080809759	0	0.04323196793959228
1	0.080827248	1	0.013597355033026495
0	0.080862227	0	0.014660493112619443
1	0.080875344	1	0.01883202655661446
1	0.080879717	1	0.021804459566412755
1	0.080884089	0	0.05776928530608624
1	0.080888461	1	0.018069530448619902
1	0.080897206	1	0.012536132095165464
1	0.080901578	0	0.011336727739503642
1	0.080905951	1	0.06971901367784043
1	0.080927813	1	0.015505272514770137
1	0.080932185	1	0.013478767301722061
1	0.080936557	1	0.14348031910468767
1	0.08094093	1	0.021161356195653843
0	0.080949674	1	0.006563748150336074
1	0.080954047	1	0.023631619428241685
0	0.080975908	1	0.012582887704514677
1	0.080989025	1	0.05233580696590023
1	0.080993398	1	0.006523785331236258
0	0.081002142	1	0.026935087294250003
1	0.081010887	1	0.02894476940920674
1	0.081032749	1	0.04557464190045543
1	0.081050238	1	0.06256470026041591
0	0.081067728	1	0.020516863294897412
1	0.081076472	1	0.02299646650765373
0	0.081080845	1	0.013735750631748115
1	0.081085217	0	0.013756497111431096
1	0.081089589	1	0.09788176339728427
1	0.081098334	1	0.04076213450221169
0	0.081102706	1	0.029716337492712082
1	0.081107079	1	0.07210032606374484
1	0.081111451	1	0.06882510079514864
0	0.081115824	0	0.04256994362852767
1	0.081120196	1	0.03988540172062498
1	0.081124568	0	0.011759502320684533
1	0.081133313	1	0.01958035354074914
1	0.08114643	1	0.042307579931816074
0	0.081150802	1	0.011631101668150153
1	0.081172664	1	0.09991312393022266
0	0.081177036	1	0.0151328424565627
1	0.081181409	0	0.01825412551685222
1	0.081185781	1	0.03940683883044466
1	0.081194526	1	0.010855370028701145
0	0.081207643	1	0.023512961675808148
0	0.08122076	1	0.008478179713552353
1	0.081229505	1	0.08885806553726612
1	0.081255739	1	0.05730408895999581
1	0.081260111	1	0.18764429526285575
1	0.081268856	1	0.12527068099701463
0	0.081281973	1	0.010767606867339881
1	0.081286345	1	0.007061093763719494
1	0.081290718	1	0.06546825375950387
0	0.08129509	1	0.03358097425016122
0	0.081312579	1	0.014005196642176414
1	0.081316952	1	0.02098645254792346
1	0.081321324	1	0.0966566529622617
1	0.081338813	1	0.029581824687047873
1	0.081343186	1	0.03008781501948373
1	0.081356303	1	0.007784898684843605
1	0.08136942	1	0.01001484529309683
0	0.081378164	0	0.00738917577285468
1	0.081386909	0	0.026528303872808388
0	0.081395654	1	0.03588515155273112
0	0.081404399	1	0.018616391478982017
1	0.081417516	1	0.019830286764448892
1	0.081430633	1	0.03858550512249366
1	0.081435005	1	0.09546164084721735
1	0.08144375	1	0.016896426628358253
1	0.081448122	0	0.025775144004799928
1	0.081456867	1	0.07827637863036847
0	0.081461239	0	0.013297606992785194
1	0.081469984	0	0.021356925555330118
1	0.081491846	1	0.019407900395033373
1	0.081504963	1	0.06086319837493348
0	0.08151808	0	0.013120591482315461
1	0.081522452	1	0.01290486843981774
1	0.081539941	1	0.0351548805387355
0	0.081548686	1	0.010446280867277608
0	0.081553058	1	0.048217036347394195
1	0.081561803	1	0.021534842362379795
1	0.081566176	0	0.043538454290173
1	0.08159241	1	0.012162035255551203
1	0.081596782	1	0.006071687607384542
1	0.081601154	1	0.01054025985202882
1	0.081609899	1	0.04744434919900355
0	0.081614271	0	0.0294206910065804
1	0.081618644	1	0.022248509423713196
1	0.081631761	1	0.046019146047883014
1	0.081644878	1	0.012353509966297915
1	0.08164925	1	0.07637373273668199
1	0.081657995	1	0.022291152450933285
0	0.081662367	0	0.029621061332959414
0	0.081675484	1	0.04559859557244101
1	0.081684229	0	0.0094447780256163
1	0.081692974	1	0.15889295877456108
1	0.081697346	1	0.08674375195365698
1	0.081706091	1	0.021565923979928656
1	0.081710463	1	0.006134021699798896
1	0.081714835	1	0.039142246735046744
1	0.081727952	1	0.09251626853166309
0	0.081749814	0	0.01834353789896572
1	0.081754187	0	0.05067395840434745
0	0.081762931	0	0.030818672440977794
1	0.081776048	0	0.017628653753483763
1	0.081780421	1	0.023619834379232787
1	0.081784793	1	0.011491939159564066
1	0.081789165	0	0.023388703537735055
1	0.081793538	1	0.01757789386238738
1	0.081811027	1	0.013369883732874411
0	0.081815399	1	0.012857966139502373
1	0.081824144	1	0.03250097857520955
0	0.081837261	1	0.012042961953072685
1	0.081846006	1	0.013290904774985247
1	0.081850378	1	0.020216499379437106
1	0.081859123	0	0.02002860224116991
1	0.081863495	1	0.10280235372022209
1	0.081867868	1	0.023937277207078226
1	0.081876612	1	0.09374121180688205
0	0.081880985	1	0.025987336476357818
1	0.081885357	1	0.08507821151589827
1	0.081894102	1	0.021923494467818768
0	0.081924708	1	0.009736971839269542
1	0.08192908	0	0.04341589525477739
0	0.081933453	0	0.028397173943329142
0	0.081942198	1	0.007328889348522829
1	0.081955315	1	0.028255797038463943
1	0.081964059	1	0.012618341328426609
0	0.081972804	1	0.024271448237357277
1	0.081981549	1	0.03210772024183059
0	0.081985921	0	0.015359723234812571
1	0.081990293	1	0.061397226521407465
1	0.081994666	1	0.003931121179079264
1	0.08200341	1	0.0260102704857551
1	0.082007783	1	0.06518269448641652
0	0.0820209	1	0.011704641831052262
0	0.082025272	1	0.03255104575803562
1	0.082051506	1	0.013940823085718448
1	0.082055879	1	0.019137042617900845
1	0.082060251	1	0.01655746300310361
0	0.082064623	1	0.006249175515036674
1	0.082073368	1	0.08214893065949488
0	0.082082113	0	0.01891444012875122
0	0.082086485	1	0.022604642995456812
1	0.082103974	1	0.047036630146272386
0	0.082112719	1	0.014309945598363176
0	0.082117092	0	0.01058263492088881
0	0.082143326	1	0.03313517222072861
1	0.08215207	1	0.0840498821224893
1	0.082156443	1	0.07976219573165691
1	0.08216956	0	0.010550528034904411
0	0.082173932	1	0.012561564908871331
1	0.082178304	1	0.01344178864948868
1	0.082182677	1	0.030010579144779163
1	0.082191421	1	0.01889059481308795
1	0.082208911	1	0.07314829616437771
1	0.082217656	1	0.09875737546165492
0	0.082222028	1	0.022092903013896773
1	0.0822264	1	0.01824301730671697
1	0.082235145	1	0.03383756276801018
1	0.082239517	1	0.03654501770014862
1	0.08224389	1	0.00673347643541041
1	0.082261379	1	0.01547281763121728
1	0.082270124	0	0.03531834796638594
1	0.082283241	1	0.01719393004148323
1	0.082296358	0	0.01805044526741355
1	0.082305103	1	0.01085779411610373
1	0.082313847	1	0.07223575686044194
1	0.08231822	1	0.030410021860865017
1	0.082322592	1	0.05361577709827667
0	0.082326964	1	0.009278716879067712
1	0.082340081	0	0.03497979525041238
0	0.082344454	1	0.0518131462636775
0	0.082348826	1	0.012901455702305114
1	0.082353198	0	0.06621453644084677
0	0.082361943	1	0.022050146019634162
0	0.082370688	1	0.009646951647722737
1	0.08237506	1	0.022092622472726968
1	0.082379432	1	0.008194780496308859
1	0.082401294	1	0.014779640952458569
0	0.082405667	1	0.01647268234460849
1	0.082423156	0	0.01117459867120058
1	0.082431901	0	0.017836147361415974
1	0.082436273	1	0.022823236708310372
1	0.082440645	0	0.032259632764701826
1	0.082445018	1	0.03402115364310567
1	0.082453762	0	0.02763073364271548
1	0.082458135	1	0.01580356617376634
1	0.082466879	1	0.04535195902129862
1	0.082475624	1	0.026924285193361763
0	0.082479997	1	0.034462803313038755
1	0.082497486	1	0.018001408722525716
1	0.082501858	1	0.031267788682917796
1	0.082510603	1	0.017506985048648848
1	0.082514975	0	0.02105144477643305
1	0.082528092	1	0.025403691320797908
1	0.082532465	1	0.0418817427986644
0	0.082541209	0	0.0835678485725966
1	0.082554326	1	0.034996085601341154
1	0.082558699	1	0.022581191226451733
1	0.082571816	1	0.00995957434869337
0	0.082576188	1	0.004434330768588818
1	0.082580561	1	0.03765388958438767
1	0.082584933	1	0.011248352094533955
0	0.08259805	1	0.015459885414207002
1	0.082602422	1	0.05583014569742373
1	0.082615539	1	0.026559950477258162
1	0.082619912	1	0.01658346641145057
1	0.082628656	0	0.023317219439563802
1	0.082633029	1	0.015385728756639256
0	0.082637401	1	0.019764073495417436
1	0.082650518	1	0.016905469128843675
1	0.082659263	1	0.007880712575849423
0	0.082663635	1	0.023213158110604384
0	0.082668008	1	0.018891058762264358
1	0.082676752	1	0.01846212428992197
0	0.082681125	1	0.018120361479106596
1	0.082685497	1	0.016662496938496783
1	0.082698614	1	0.0623044166629525
1	0.082707359	1	0.0481236263551715
1	0.082716103	1	0.07083766833025389
1	0.08272922	1	0.005171919074399498
0	0.082733593	1	0.01126963212778046
1	0.082751082	1	0.10635789569033291
1	0.082764199	1	0.039384454795164184
1	0.082768572	0	0.022150571308734785
0	0.082781689	1	0.018611680829386742
1	0.082786061	1	0.10241452293631138
1	0.082790433	1	0.10368754109178921
0	0.082799178	1	0.04135494681977736
1	0.08280355	0	0.017638695001588288
0	0.08282104	1	0.034640509408625585
1	0.082825412	1	0.058377260281359485
0	0.082829784	1	0.024380081958694313
1	0.082834157	1	0.07958341841064055
1	0.082842901	1	0.022177788733221446
1	0.082851646	1	0.023855824865550712
1	0.082856019	0	0.03807943713891856
0	0.082869136	1	0.010169984261717736
0	0.08287788	0	0.00452387007226597
1	0.082882253	0	0.016031710816395164
0	0.082886625	1	0.029674452834509372
1	0.082890997	1	0.051464929487480826
1	0.082908487	1	0.015191917517668496
1	0.082912859	0	0.15721242380051725
0	0.082934721	0	0.021190945465786103
1	0.082943466	1	0.03889769238686287
1	0.082965327	1	0.007468615313426134
1	0.082978444	1	0.0360026593366303
1	0.082982817	1	0.12197766712410903
1	0.082987189	1	0.029174592421498127
0	0.082991561	0	0.013300488329347339
0	0.082995934	1	0.016382272827958743
1	0.083000306	1	0.07684172146230833
1	0.083009051	1	0.0278688127063507
0	0.083013423	1	0.030401427938136605
0	0.083017795	1	0.03355287004740013
1	0.083022168	1	0.029477027969679288
0	0.08302654	1	0.012757263541445735
1	0.083035285	1	0.19641950722341872
1	0.08304403	1	0.22421210495899518
1	0.083048402	1	0.01988426545458101
1	0.083057147	1	0.017818028315513715
0	0.083083381	0	0.00809402238695143
1	0.083092125	0	0.014253838509129816
1	0.083105242	1	0.021135327328113993
1	0.083113987	1	0.03552936500375462
1	0.083122732	1	0.021529279328627905
0	0.083127104	1	0.04926964768452424
1	0.083140221	1	0.14058999290895013
0	0.083144594	1	0.04432744110323959
0	0.083148966	1	0.043942843563163726
1	0.083153338	1	0.06145044503514473
0	0.083157711	1	0.013636450213387887
1	0.083166455	1	0.019571405670206064
1	0.083179572	1	0.0212664945174086
0	0.083183945	1	0.013056437904698615
0	0.083188317	1	0.020701740521230725
1	0.083201434	0	0.01605691882471813
0	0.083210179	1	0.018133336484394025
1	0.083218924	1	0.02388984767055948
1	0.083223296	1	0.03051264919876132
0	0.083245158	1	0.049094822706021245
1	0.083267019	1	0.016551949008409613
0	0.083271392	1	0.016234378539993346
0	0.083280136	0	0.014854577188754816
1	0.083284509	1	0.0782887248602741
0	0.083288881	1	0.011627051198957636
1	0.083297626	1	0.02285264445436181
1	0.083306371	1	0.03603604055658373
0	0.083310743	0	0.018421993651695733
0	0.083319488	1	0.0266011061917078
1	0.08332386	1	0.056515249417865024
1	0.083328232	1	0.08870198957499618
0	0.083332605	1	0.05764158951834513
0	0.083345722	1	0.01418099692969109
1	0.083354466	1	0.03219505776536354
1	0.083363211	1	0.017317857822792476
0	0.0833807	0	0.012636824571426186
1	0.083385073	1	0.038022706779781035
1	0.08339819	1	0.010963143777774208
0	0.083406935	1	0.029815198996691952
0	0.083411307	1	0.014318605330074929
1	0.083415679	1	0.03246933760355907
0	0.083420052	0	0.015183532258766582
0	0.083446286	0	0.019482490858660755
1	0.083450658	1	0.022605399745454547
1	0.08345503	1	0.015270991577628212
1	0.083463775	1	0.018872203697011734
1	0.08347252	1	0.02159018082513804
0	0.083481264	1	0.08151535340005257
1	0.083485637	1	0.1983885204934398
1	0.083490009	1	0.08334428128310858
1	0.083498754	1	0.002663159920071124
0	0.083503126	1	0.015116837594070025
1	0.08352936	1	0.03681625942235725
0	0.083551222	1	0.0016136334397262458
1	0.083555594	1	0.029100385243499942
1	0.083559967	1	0.03147456307897999
1	0.083586201	0	0.015594076338731248
1	0.08360369	1	0.01708952566950495
0	0.083608063	1	0.03878140186801136
1	0.083612435	1	0.02087898332903126
1	0.083616807	1	0.011686295630439991
1	0.083634297	1	0.017740973588990447
1	0.083638669	1	0.051516812568505495
1	0.083651786	1	0.09105303640573557
1	0.083656158	0	0.01152242701268993
0	0.083669276	1	0.021088394785999526
1	0.083704254	1	0.014048820584127418
1	0.083717371	0	0.018714175589744364
0	0.083726116	1	0.01363836454882908
1	0.083730488	1	0.0685878701159343
1	0.08375235	1	0.02431557145138607
1	0.083756722	1	0.08930548380659636
1	0.083761095	0	0.008022710852297166
0	0.083765467	1	0.011851117280661343
1	0.083778584	1	0.044123320511132776
0	0.083791701	1	0.03774375836147927
1	0.083800446	1	0.051023667707635854
1	0.083804818	0	0.010531182037523098
1	0.083813563	1	0.02796223477843986
0	0.083817935	0	0.01963874788417736
0	0.083831052	1	0.00483020109456547
1	0.083852914	1	0.01769821130359296
1	0.083861659	1	0.00583350764445675
0	0.083874776	1	0.018825187670084214
1	0.083887893	1	0.010330136252251128
0	0.083896638	1	0.024982827169996624
0	0.08390101	1	0.015317512952709694
0	0.083905382	1	0.02702493382641551
1	0.083909755	0	0.027828524411902075
1	0.083918499	0	0.015093850694962887
1	0.083922872	1	0.07057398283300119
1	0.083931616	1	0.033865700240799025
1	0.083949106	1	0.014896250606577085
0	0.083953478	1	0.00104304681207445
0	0.083962223	1	0.02146989977993126
0	0.083970968	1	0.024460149895978296
0	0.083979712	1	0.05743955597656085
1	0.083984085	1	0.01704906287443822
1	0.083992829	0	0.009695389116101238
1	0.084014691	0	0.028257094228097804
1	0.084019063	1	0.05326505455056338
1	0.08403218	0	0.07494887692194893
0	0.084036553	0	0.006292891070198574
1	0.084040925	0	0.02406659276413213
1	0.08404967	1	0.10240101949230676
1	0.084067159	1	0.03940848964171718
0	0.084071532	1	0.06461009650504362
1	0.084093393	1	0.01623197865353277
1	0.084110883	1	0.009542302153748872
1	0.084115255	1	0.03154648019634884
1	0.084119627	1	0.007522138083008802
0	0.084128372	1	0.011682147274292266
1	0.084137117	1	0.03869215514108871
1	0.084141489	1	0.01852919294587609
1	0.084150234	0	0.016583169630757705
0	0.084158979	0	0.036444549068944405
1	0.084163351	1	0.13281175733813397
0	0.084167723	1	0.052934882102892974
1	0.084172096	0	0.015396793699520244
1	0.084189585	1	0.02299812583541272
1	0.08419833	1	0.02364446434217032
1	0.084202702	0	0.052289939415548714
0	0.084233309	0	0.01778502456515619
1	0.084237681	1	0.06941259622069944
1	0.084242053	1	0.05134186290198838
1	0.084246426	1	0.018913223316405887
1	0.08425517	1	0.03019807232272056
1	0.084285777	1	0.022382641377084463
1	0.084312011	1	0.055897957648812446
1	0.084325128	1	0.028812674622882582
0	0.0843295	1	0.014898254144242116
0	0.084333873	1	0.03358746312491957
1	0.084351362	1	0.035644535636590355
0	0.084368851	0	0.007505810290666162
1	0.084381968	0	0.01592838859562109
1	0.084386341	1	0.029922678723997193
1	0.08442132	1	0.009143643833499459
0	0.084425692	0	0.010163791919996381
1	0.084430064	1	0.024045778932341014
1	0.084434437	1	0.05742254662218471
1	0.084438809	0	0.06257400162526831
1	0.084447554	1	0.025350028181592228
1	0.084465043	1	0.09568479989796147
0	0.08447816	1	0.053291906565687795
1	0.084486905	1	0.039792774772647525
1	0.084491277	0	0.007148319519282063
1	0.08449565	1	0.06985785497763788
1	0.084500022	1	0.015258011151280051
0	0.084508767	1	0.01579001936135307
1	0.084535001	1	0.04376738923228319
0	0.084539373	0	0.014358787340759549
0	0.084543745	1	0.0408945594531824
1	0.084548118	0	0.01234054117068719
0	0.084565607	0	0.015218973082755391
1	0.084574352	1	0.05632621044200711
1	0.084578724	1	0.007668994305942985
0	0.084583096	0	0.012679478529059802
0	0.084587469	0	0.011550328838716512
1	0.084591841	1	0.015657183059386605
1	0.084600586	1	0.0291551727441089
1	0.084604958	1	0.014546505952251725
1	0.084609331	1	0.033504859074748615
0	0.084618075	0	0.016836094914294015
1	0.084631192	1	0.0895724613467817
1	0.084635565	1	0.054791660696686346
1	0.084639937	1	0.020603354220592476
0	0.084644309	0	0.005809255305838673
0	0.084648682	1	0.025658869980802575
1	0.084653054	1	0.01692779301871659
1	0.084657426	1	0.06945653635242413
1	0.084666171	1	0.030557471447012804
0	0.084670543	1	0.011073541502573253
0	0.084674916	1	0.016112698186762427
0	0.084692405	1	0.03309976325738995
0	0.08470115	1	0.015525174559753288
1	0.084705522	1	0.03358353154768673
0	0.084714267	1	0.007892330192458446
1	0.084731756	1	0.04302665841894041
0	0.084744873	1	0.018001450852272127
1	0.084753618	0	0.024684595526714197
1	0.084762363	1	0.011095588196034336
0	0.084771108	0	0.021316509461622283
0	0.084784225	1	0.05294525866085384
0	0.084788597	1	0.03258899594600488
1	0.084797342	0	0.07224698992043133
1	0.084806086	1	0.01996537391889182
0	0.084823576	1	0.013836357300801287
1	0.08483232	1	0.040755866054400756
0	0.084841065	0	0.024987589772348266
1	0.084845437	1	0.007880850034740565
0	0.08484981	1	0.02987832761529054
1	0.084854182	0	0.020429513175682763
1	0.084862927	1	0.055556632052206054
0	0.084867299	0	0.016609709987329396
0	0.084876044	1	0.01869219876018785
1	0.084880416	1	0.048810575571522685
1	0.084897906	0	0.035991209214905326
0	0.084902278	1	0.015802700699892803
0	0.084911023	1	0.017896766507292848
0	0.084915395	1	0.015671821580847695
0	0.084919767	0	0.004603572196240221
1	0.08492414	1	0.02243904894300926
1	0.084946001	1	0.010316111622843025
1	0.084963491	1	0.03709345029940986
1	0.084976608	1	0.04245609070004847
1	0.08498098	1	0.013669787788867733
1	0.084994097	1	0.1079147414365523
1	0.08499847	1	0.07787913705305091
1	0.085002842	1	0.015287692018076133
0	0.085011587	0	0.00863122658700002
1	0.085020331	1	0.05588840664603598
1	0.085042193	1	0.036144008981032476
1	0.085050938	1	0.03705959278002422
0	0.08505531	0	0.014639097668566983
1	0.085059683	1	0.05568982148785771
1	0.085064055	1	0.012701455712662377
0	0.085068427	1	0.019588796794931924
1	0.0850728	1	0.018497849112952547
0	0.085081544	1	0.012452446553367653
1	0.085090289	1	0.048079229089983
1	0.085094661	1	0.01948635519660864
0	0.085107778	1	0.01892085675020212
1	0.08512964	1	0.043162605904485486
1	0.085138385	1	0.05449930831089358
0	0.085142757	1	0.009634281741007533
1	0.085160247	1	0.014409105112073755
1	0.085195225	1	0.0884136850909614
1	0.085199598	0	0.05116084904125388
1	0.085208342	1	0.024529332713879796
1	0.085221459	1	0.021435239823904856
1	0.085234577	1	0.08694513670074652
1	0.085238949	1	0.01683583339064025
1	0.085247694	1	0.013004773151454933
1	0.085252066	1	0.0348189294757545
1	0.085269555	1	0.026054126726365187
1	0.0852783	0	0.08548003519789214
1	0.085282672	0	0.015587381997215587
1	0.085287045	0	0.017916176005787002
0	0.085291417	1	0.011813228132090493
0	0.085304534	1	0.011536154948575664
1	0.085313279	0	0.019400666807929914
1	0.085330768	1	0.0668945134875231
1	0.085348258	1	0.16711471575000392
1	0.085365747	1	0.09257909926965932
1	0.085378864	0	0.014052524086355081
1	0.085387609	1	0.023497386366464753
1	0.085396353	1	0.012443062296360712
0	0.085400726	1	0.02578906345608691
1	0.085409471	1	0.20144250732744637
1	0.085422588	0	0.007176368093523163
1	0.08542696	1	0.03634208486955105
0	0.085431332	0	0.007638638548278412
1	0.085435705	1	0.020323925036417115
1	0.085457566	1	0.01616392693592049
1	0.085461939	1	0.06910425753414084
0	0.085470683	0	0.021747917739090336
1	0.0854838	1	0.0795922334652607
0	0.08550129	1	0.02090221092614613
1	0.085523152	1	0.02477576945066071
0	0.085527524	0	0.06145700949927588
1	0.085536269	1	0.014177501719271719
0	0.085545013	0	0.025930282365200397
0	0.08555813	1	0.026050024258969424
1	0.085562503	1	0.09351374130551054
1	0.08557562	0	0.017203811278975925
0	0.085579992	1	0.015597063888818007
1	0.085588737	1	0.0732071466593304
0	0.085593109	0	0.080565637737121
1	0.085597482	1	0.051423892943559806
1	0.085606226	1	0.048212920320453934
1	0.085610599	1	0.06609099660868116
1	0.085619343	1	0.025889770172260386
1	0.08563246	1	0.07022521698259042
1	0.08564995	0	0.021035626392936647
1	0.085654322	1	0.06159164881740717
1	0.085658694	0	0.023725082889105013
1	0.085667439	1	0.13869806236676535
1	0.085671811	1	0.04660958435705163
1	0.085676184	1	0.013643349188885956
1	0.085680556	1	0.0494324538573537
1	0.085684929	1	0.03273460579819499
1	0.085698046	1	0.023651288639214365
1	0.085702418	1	0.03206808719816105
1	0.085737397	1	0.014950728144208418
1	0.085741769	1	0.044977873441414885
1	0.085754886	1	0.017161291992093996
0	0.085763631	1	0.014805921339278922
1	0.085776748	1	0.041747488934780044
1	0.08578112	1	0.030559654603199007
1	0.085794237	1	0.09931656601712197
1	0.08579861	1	0.008306864677175648
1	0.085807354	1	0.05177773138073288
1	0.085824844	1	0.03906234388287148
0	0.085829216	0	0.0240289126088632
1	0.085837961	1	0.04597758916495859
1	0.085851078	1	0.041394027299315087
1	0.085864195	1	0.035426561933604356
0	0.085868567	1	0.029667145112102004
1	0.085877312	1	0.025689289086275546
1	0.085886057	1	0.016264779787385213
1	0.085890429	1	0.029557424174115332
1	0.085894801	1	0.01981179504768171
1	0.085899174	1	0.14435730603339664
0	0.085903546	1	0.020478229581626598
0	0.085907918	0	0.05258961352513864
0	0.085916663	1	0.015883012267912614
1	0.085921035	1	0.08367142903275164
1	0.085934152	0	0.014248928957303049
0	0.085938525	1	0.039309829610829405
1	0.085947269	1	0.04447531875128362
0	0.085956014	1	0.022005256467072087
1	0.085960387	1	0.015444839136281002
1	0.085986621	1	0.039862577363968456
1	0.085990993	1	0.06866674283442442
1	0.085995365	1	0.093975721198752
1	0.086012855	1	0.010679361148417535
1	0.086025972	0	0.030927739730883252
0	0.086030344	1	0.024446408339285026
1	0.086034716	1	0.02585852506513209
1	0.086039089	1	0.026173189988009566
1	0.086052206	1	0.017673944218336433
1	0.086056578	1	0.14615678089006306
0	0.086060951	1	0.013494059409286389
1	0.086074068	1	0.08335852828140507
0	0.086082812	1	0.018978988442423024
1	0.086100302	0	0.01291724758325905
1	0.08613528	1	0.028581975439585114
1	0.086139653	1	0.061314897516174915
1	0.086144025	1	0.07528925627452898
1	0.086148398	1	0.02868332836700649
0	0.08615277	1	0.0241672121541044
0	0.086157142	1	0.01294184534003547
0	0.086170259	1	0.015134614712078533
1	0.086174632	0	0.028404708458231873
1	0.086179004	1	0.02721896177960578
1	0.086192121	0	0.02528455866061022
1	0.086200866	1	0.0423599025595558
1	0.08620961	1	0.016923548978635163
1	0.086213983	1	0.01741744541472403
1	0.0862271	1	0.04363641633869027
0	0.086231472	0	0.020487836712991255
1	0.086235845	1	0.02130928513359717
1	0.086244589	0	0.006212359626249545
0	0.086248962	0	0.009519263084419296
0	0.086257706	1	0.008095581665501861
0	0.086262079	0	0.036760358699022035
1	0.086270823	0	0.0304267259278709
1	0.08628394	1	0.028969321853078225
1	0.086288313	0	0.030600428930684806
1	0.08630143	1	0.035686791161645436
0	0.086318919	0	0.011686025698920627
0	0.086323292	1	0.03581635170573408
1	0.086327664	1	0.09114206931986664
0	0.086336409	0	0.010727903026236753
1	0.086345153	1	0.11234153833009403
1	0.086353898	1	0.040702711541085464
1	0.086362643	1	0.054622924819849955
1	0.086380132	1	0.03588678428528417
0	0.086384504	0	0.0075744960466521604
1	0.086393249	0	0.018406206665514048
1	0.086406366	1	0.02394429749436358
1	0.086410738	1	0.03234091279580681
1	0.086415111	1	0.06030950620909455
1	0.086423856	1	0.01915445315991558
1	0.086428228	1	0.028398598727301445
1	0.0864326	1	0.01797021038518591
1	0.086436973	0	0.011479131369703898
1	0.086454462	1	0.030860203968347703
0	0.086467579	1	0.011997766453352304
1	0.086476324	1	0.026446567371872075
0	0.086485068	1	0.02332034208906717
1	0.086489441	0	0.017141595557516688
1	0.08650693	0	0.049611522281804994
1	0.086511303	1	0.009656765248699632
0	0.086515675	1	0.014101025325443252
1	0.08652442	1	0.1030197746751979
1	0.086528792	0	0.007505294307558918
1	0.086546281	1	0.022959887890231283
1	0.086550654	1	0.0776232081588615
1	0.086555026	1	0.013134674409653492
0	0.086563771	1	0.05555679864952668
1	0.086576888	1	0.05434406101857536
1	0.086590005	1	0.018206270070254233
1	0.08659875	1	0.01617870659711207
0	0.086607494	0	0.009462540387899574
1	0.086611867	1	0.012811676795900537
0	0.086616239	1	0.016513885487739383
1	0.086624984	1	0.014346910869014545
1	0.086629356	1	0.07276384445655788
1	0.086638101	1	0.05919783915122482
0	0.086642473	1	0.009425768683748635
1	0.086646845	1	0.09386289244688473
1	0.08665559	1	0.09769986669841794
1	0.086668707	1	0.057445014229275136
1	0.086677452	1	0.035864893200433984
1	0.086681824	0	0.011737353232781722
1	0.086686196	1	0.022106941235904332
1	0.086690569	0	0.017242109252500627
0	0.086694941	1	0.006048135132462295
1	0.086699314	1	0.08404998219851059
1	0.086703686	1	0.015667199675612937
1	0.086712431	1	0.013665881871199388
1	0.086743037	0	0.04643775198186626
1	0.086751782	1	0.02060980038210107
0	0.086756154	1	0.010416264478539576
0	0.086760526	0	0.02766963404646396
1	0.086764899	1	0.03937815968403296
0	0.086795505	1	0.011755338861049696
1	0.08680425	0	0.00817319290797598
1	0.086812995	0	0.04837819585498381
0	0.086817367	1	0.006848859821852863
0	0.086821739	1	0.022586500950296944
1	0.086834856	1	0.03901502272105139
1	0.086839229	1	0.04544072693955823
0	0.086843601	1	0.010397528225848192
1	0.08686109	1	0.09694953325649464
1	0.086865463	1	0.020328691502242036
1	0.086869835	1	0.016642268131717257
0	0.08687858	1	0.0061770086851246075
0	0.086887325	0	0.015490459059041456
1	0.086896069	1	0.041056095666717085
1	0.086900442	1	0.020418379175022223
1	0.086909186	1	0.10368982685791658
0	0.086926676	1	0.010407057972421576
0	0.08693542	1	0.009686463628149072
1	0.08695291	1	0.056898933748791944
1	0.086957282	1	0.06591011001317432
1	0.086961654	1	0.014333515303927048
1	0.086970399	1	0.04108646155444354
1	0.086974772	0	0.014787898558117768
1	0.086983516	1	0.014572012412831415
1	0.086987889	1	0.016792776281309544
1	0.086992261	1	0.023515482522883907
1	0.086996633	1	0.06154952460000913
0	0.087001006	1	0.007706055914866332
1	0.087005378	1	0.02193231206569805
1	0.08700975	1	0.16621316919259094
0	0.087018495	1	0.02244698061294909
1	0.08702724	1	0.049314196466030365
1	0.087035984	0	0.008983728530406873
1	0.087040357	1	0.010993161502517631
1	0.087049101	1	0.010493651469898519
1	0.087057846	0	0.016085844396847817
1	0.087066591	0	0.014554379955263073
0	0.087079708	1	0.0299657105909208
1	0.08708408	1	0.05337425214314949
0	0.087092825	1	0.014934277341306514
1	0.087097197	1	0.036666112421268306
1	0.087110314	1	0.016111346141994436
1	0.087123431	1	0.016504632404461764
0	0.087132176	1	0.0283812826273494
1	0.087136548	0	0.012016794384539481
