1	9000	1	1.0949382667644445
1	9001	1	2.942097284728389
0	9002	1	0.6548625673022357
0	9003	1	0.24921209544182024
0	9004	1	0.2357242151790058
1	9005	1	2.498872952294382
1	9006	1	1.3018435885117003
1	9007	1	2.868886023720826
0	9008	1	1.7775896452224604
1	9009	1	1.98485389367758
1	9010	1	5.082007978278777
1	9011	1	3.3673345059731528
0	9012	1	1.1784733336283195
1	9013	1	3.4529708312105805
0	9014	1	1.8540367801718063
1	9015	1	0.34534763136851593
1	9016	1	0.5917275319016471
1	9017	0	1.9459002221422559
0	9018	0	1.0812542335802184
1	9019	0	0.6168397170496498
0	9020	1	0.28395548875597115
1	9021	1	0.4930409075217051
1	9022	1	3.8207777406998726
1	9023	0	0.35255288240801264
0	9024	1	1.7757067101264308
0	9025	1	0.3563175875076327
1	9026	0	2.557658690033509
1	9027	0	0.1349275420655089
1	9028	1	2.611326296365909
1	9029	0	2.3387398614326105
1	9030	1	1.8525746709969522
0	9031	0	0.2730225693718399
1	9032	0	1.5855689300771474
1	9033	0	0.27687721118996295
1	9034	1	2.357234059442734
1	9035	1	1.442862646741274
1	9036	1	0.33295892106936653
0	9037	1	3.325910905027522
1	9038	0	0.48748135389017594
1	9039	1	0.6529384729610977
1	9040	1	2.8966369263962357
1	9041	1	1.341730122507176
0	9042	0	1.8710841805723335
1	9043	1	2.3409985611041546
0	9044	0	1.7552376430325998
1	9045	1	2.7881733318951087
1	9046	1	0.5717793863836441
0	9047	1	2.18267929720611
0	9048	1	1.3085458247486874
1	9049	1	2.6959056268752373
0	9050	1	0.2751455450577196
1	9051	0	2.233300325676049
1	9052	1	0.9813686232900577
1	9053	0	0.6578220973096186
0	9054	1	1.1067214598716504
0	9055	1	1.7462174963502255
1	9056	1	1.6332995413860631
0	9057	1	0.4251095647033096
1	9058	1	2.774480933467167
0	9059	1	2.6403256437396645
1	9060	0	2.1548179542944457
0	9061	0	2.376067242326743
1	9062	1	1.6237677886492243
0	9063	1	1.6532188412018887
0	9064	1	1.3276683973511578
0	9065	1	1.9299130196666126
1	9066	1	0.2509927291421798
1	9067	1	1.7211701309679077
0	9068	1	0.35553841808862624
1	9069	0	1.308851513828549
1	9070	1	1.0886615419126102
1	9071	1	0.3316095315633319
0	9072	1	2.5508086343714003
0	9073	0	1.1380958983482965
0	9074	1	0.2661648605193965
1	9075	0	0.3621937164113757
1	9076	0	0.49166751948094384
0	9077	1	1.8824448240746687
1	9078	1	1.2608454284416182
1	9079	1	0.33352890532406554
0	9080	1	0.2988785617275869
1	9081	1	1.0860058704301052
0	9082	0	3.6365716850305554
1	9083	0	4.47932592074264
1	9084	0	3.198973154586726
1	9085	1	2.4953214339155307
1	9086	1	1.218840385976373
1	9087	1	1.1954366832862646
1	9088	1	3.16464508629028
1	9089	0	1.688791611539526
1	9090	1	0.4657473055539574
1	9091	1	1.4960858292816648
1	9092	1	0.30650014254531294
1	9093	1	2.883179981296833
1	9094	1	2.1989024831724557
1	9095	1	1.094913859379287
0	9096	0	2.315876794279222
1	9097	0	1.247882700935353
0	9098	1	2.7510181023226536
1	9099	1	2.3096279753322464
1	9100	1	1.70371947021862
0	9101	0	1.5574512323587772
1	9102	1	1.8458197150350548
1	9103	0	0.7685115477792396
1	9104	1	1.5953924060122173
0	9105	0	1.710260966442439
0	9106	0	1.3862542274516247
1	9107	1	1.3986813332596622
1	9108	0	0.6012118452357941
0	9109	1	0.20513738664677916
0	9110	0	0.2584773913686333
1	9111	1	0.2755716594815673
1	9112	1	3.375987071109392
0	9113	1	0.31495235263756943
1	9114	0	1.6954811190687493
1	9115	1	0.8400176225526054
1	9116	0	1.3271377907065938
0	9117	1	2.278265163887738
0	9118	1	1.7234808609773715
1	9119	1	0.7428809053276221
0	9120	1	2.390424464044463
0	9121	1	1.3760892062532024
1	9122	1	0.8217733845950687
0	9123	1	1.0880988980961506
0	9124	0	0.33004572788603154
0	9125	1	0.2735028040401128
1	9126	0	0.22116114237186288
1	9127	1	1.5103821644109408
0	9128	1	1.5885443407891853
1	9129	1	0.5252939886529145
1	9130	0	1.7669290677734335
1	9131	1	1.092866487312145
0	9132	1	3.082896653612748
1	9133	0	0.35905283855709785
1	9134	1	1.8512311782738147
1	9135	0	1.0792495347573727
0	9136	1	0.3203355493233778
0	9137	1	1.3602613475400358
1	9138	1	0.7557722731031616
1	9139	0	0.18591035111210252
0	9140	0	0.3462774036760119
1	9141	1	0.10383360603894733
1	9142	0	0.5812835402680235
1	9143	1	0.9074193397103212
1	9144	1	1.2392577813465977
1	9145	1	0.9894578679530803
0	9146	1	1.3779679056263194
1	9147	1	1.680831133253761
1	9148	0	0.4286685931945024
0	9149	1	2.1555398211378622
1	9150	1	1.6202304120454818
1	9151	1	0.5745228504583482
1	9152	1	0.1824263026584995
1	9153	1	4.434619773850823
1	9154	1	0.3658415192529319
1	9155	1	1.0676414485655796
1	9156	0	2.4080389877468913
1	9157	1	0.29969791309270916
1	9158	1	2.4282412018833104
1	9159	1	0.5470967393624421
1	9160	1	2.022185919521929
1	9161	1	0.8225158893606913
1	9162	1	0.4130348140796656
1	9163	1	1.1092973301672
1	9164	1	1.1435670976958126
0	9165	0	2.0796050507103288
1	9166	1	0.9096139500587012
0	9167	1	1.3188908241593595
0	9168	1	1.649011702675186
1	9169	1	0.08662691716031906
1	9170	1	0.3881073202505252
1	9171	1	1.5049620761461109
0	9172	0	1.0061914006863102
0	9173	1	0.3812882734569454
1	9174	0	0.15806970577815688
1	9175	1	2.338963024210006
1	9176	0	1.6542444241242782
1	9177	1	1.0494885585257878
0	9178	1	0.5245747591372175
1	9179	1	0.20827263305883414
1	9180	1	1.8430399588402393
1	9181	1	2.686401368721375
1	9182	1	1.0200757104835079
1	9183	1	0.05581563333353604
0	9184	1	1.9491634359915577
0	9185	0	0.3434845322295054
1	9186	1	1.1559317645172718
0	9187	1	1.7677157380881472
0	9188	1	0.23072769270075325
1	9189	1	0.26288912703393075
1	9190	0	1.3783942003553982
1	9191	0	2.052765696802862
1	9192	1	2.3434122273941402
1	9193	0	0.8295236841570675
1	9194	0	0.39760521602904747
1	9195	0	0.2049957159433705
1	9196	1	2.4807868279586165
1	9197	1	1.489550257996919
1	9198	1	2.216341910186606
1	9199	1	1.770066218667466
1	9200	1	0.4984884015681237
1	9201	0	2.207493307324197
0	9202	1	0.42045001053431474
1	9203	1	2.7544906197871657
1	9204	1	0.2499139001444348
1	9205	1	2.6343600844336375
1	9206	1	1.6079709625299783
0	9207	1	2.68302510441182
1	9208	0	1.285012075615445
1	9209	1	5.670102158884831
1	9210	0	1.2541690483871306
1	9211	1	0.2726510137942406
1	9212	1	1.7941078312928562
1	9213	1	0.6021047807833324
0	9214	0	1.7624369619478288
1	9215	0	1.7831653365190938
1	9216	1	1.921889905300633
0	9217	1	0.71348856591611
1	9218	1	1.2660730949615446
0	9219	1	1.502870898061377
1	9220	1	2.3101830045165195
0	9221	1	2.0927243090310585
1	9222	1	1.1084516458824003
1	9223	1	0.2539964687730773
0	9224	1	1.874530999644273
1	9225	0	2.4643034399812946
1	9226	0	0.30487529421096987
1	9227	1	2.29581375645736
1	9228	1	1.4086622698494293
0	9229	0	1.7484167184522883
1	9230	1	0.3351206981018629
0	9231	1	0.7685849706016982
1	9232	1	2.1583911839301497
0	9233	1	2.8765211893556213
1	9234	1	0.3453316226257131
1	9235	1	1.786883660065403
1	9236	1	1.3492091422509607
1	9237	1	2.374220438425927
1	9238	1	1.636885704102512
0	9239	1	0.9052760303920592
1	9240	0	1.1431641631404572
0	9241	1	0.3385580706509681
1	9242	1	0.8009436636730025
1	9243	1	1.6874956834995303
0	9244	0	2.9313368411159817
0	9245	1	2.879395148435392
1	9246	1	1.6372712757530061
1	9247	1	0.3996871792498056
1	9248	1	0.8242736886164664
0	9249	0	0.28815627322898496
0	9250	1	0.1829643420052124
0	9251	1	1.3649126125162545
1	9252	1	0.6195761209197186
0	9253	1	0.17524806307711646
1	9254	1	3.2507956454523175
1	9255	1	2.9009552398252456
1	9256	1	1.8915564390663666
1	9257	1	2.097190654869221
1	9258	1	1.556759950285809
1	9259	1	0.9052200718259565
1	9260	0	3.15142563012005
1	9261	1	2.539941108993194
0	9262	1	2.265902852159183
1	9263	1	2.000960388716045
0	9264	0	1.69735302656849
0	9265	0	1.3563167697702323
1	9266	1	0.2821285836797966
1	9267	0	0.29404019646349755
0	9268	0	3.3851807453849605
1	9269	1	2.3543889512027967
0	9270	1	0.1434394829476546
0	9271	0	0.932938690764631
1	9272	1	0.25673074039063953
0	9273	0	1.7665321618747871
0	9274	1	0.24660913723029043
0	9275	0	1.204318276685129
1	9276	1	1.4194686163519643
1	9277	1	2.596503716827099
1	9278	1	0.7332386077737909
1	9279	0	0.19540062906485467
1	9280	1	1.4159510081774942
1	9281	1	1.2316165483806818
0	9282	0	0.1870508708691946
1	9283	1	1.4538989279242769
1	9284	1	0.6796436434605457
1	9285	1	2.0770925686759125
1	9286	0	0.8288853306205684
1	9287	1	0.3737533559256516
1	9288	0	0.301151723553019
1	9289	1	2.4659861615652297
0	9290	1	0.3706042481778777
1	9291	0	1.6273919994768125
1	9292	1	2.281827044983859
1	9293	1	2.0968005339157307
1	9294	0	0.2094264075167643
0	9295	1	1.1754092227435475
1	9296	1	4.596572274475385
1	9297	1	2.7246354489925575
1	9298	1	1.083159301815242
0	9299	1	1.9452375651864893
1	9300	1	0.15669755222014822
1	9301	1	0.6171301681734142
0	9302	1	1.6368184001149688
1	9303	1	1.2648609738140488
1	9304	1	2.39265520140639
0	9305	1	0.361752837331575
1	9306	1	3.2193374411694475
1	9307	1	1.074232311457723
1	9308	1	0.7725287407042445
0	9309	1	2.761658183354308
0	9310	1	0.3194780927279116
1	9311	1	1.083248490156516
1	9312	0	0.16981373493416266
1	9313	1	1.8400478533678009
0	9314	1	0.7419563549614838
1	9315	1	0.6682527937507814
1	9316	1	0.8381652892992216
1	9317	1	1.3841263750929664
0	9318	0	2.2404751242434053
1	9319	1	1.0243054364863171
1	9320	0	0.12921441484126847
0	9321	1	1.6733627446537238
1	9322	1	1.0687998704713428
0	9323	1	0.22702994175505545
1	9324	1	1.7211163220792793
0	9325	1	1.541017169078839
1	9326	0	1.323619081308797
1	9327	1	1.7678648848438971
1	9328	1	2.322344695748203
0	9329	1	0.4546554008550973
0	9330	1	0.18965093965660085
0	9331	1	1.68108502296345
1	9332	1	0.9085575096186975
1	9333	1	1.8246720357087698
1	9334	1	3.00900964881628
0	9335	1	0.20591565537105574
0	9336	1	0.3950609459957844
1	9337	1	1.7165962338728704
0	9338	1	1.7218744275334574
0	9339	1	0.3373737900042177
1	9340	1	0.40265471299025535
1	9341	1	0.9545898037828747
1	9342	1	2.5120349688245014
1	9343	1	1.8420593283342919
0	9344	1	0.16952287512326558
1	9345	1	0.2416958073208284
0	9346	0	2.104832258260096
1	9347	0	2.0103322059165234
0	9348	1	1.69123940240151
0	9349	1	2.0501140263857205
1	9350	1	2.894640087657555
1	9351	1	0.8025732419929792
0	9352	1	1.3479358569737436
1	9353	1	1.7952629070874504
0	9354	0	1.4767450509228721
1	9355	1	1.1024926121408292
1	9356	0	0.26892786595789436
1	9357	0	0.6000200648820897
1	9358	1	2.294542149029997
1	9359	1	1.2252313491371105
1	9360	0	2.455153871319093
1	9361	1	1.9760070092352384
1	9362	1	0.9233169812160614
0	9363	1	0.21553615096483827
0	9364	1	1.9361140720666272
1	9365	1	1.6814832760844098
1	9366	0	0.5302252042605253
1	9367	1	1.0053924205907228
1	9368	1	1.661787440111536
1	9369	1	0.32259587943352225
1	9370	1	2.3989882592533807
0	9371	0	2.6471542143174434
1	9372	1	0.4549142599391161
1	9373	1	3.4239310713330533
1	9374	1	1.9512487337269746
1	9375	1	0.9857128088817325
1	9376	1	0.33792230836374487
0	9377	0	0.41453107817130547
0	9378	1	4.344853222610704
1	9379	0	3.572718096140766
1	9380	1	3.5321533476597478
1	9381	1	3.080769325675211
0	9382	1	1.1937114195012815
0	9383	1	0.22902424919058853
1	9384	1	1.0952619404088144
1	9385	1	1.0474610636246118
0	9386	0	1.6223394885085052
1	9387	0	0.651703534158259
1	9388	0	1.1919534964515504
1	9389	0	3.8161613687773026
1	9390	1	1.4617328696637009
1	9391	1	0.12690525463732913
1	9392	0	2.6645096385573948
1	9393	1	2.8776361366031993
1	9394	1	1.7104779485423691
1	9395	1	0.6464983655351566
1	9396	1	1.0077590672306078
1	9397	1	1.898353162582547
1	9398	1	1.709418620176381
1	9399	1	1.2816771007675352
0	9400	0	0.8235118689230716
0	9401	1	2.3482585793414312
1	9402	1	2.483011261685571
1	9403	1	2.047764736326017
0	9404	1	0.6181872029337402
1	9405	1	2.2279469463262855
1	9406	1	1.5546590417893233
0	9407	1	0.2991534321617775
1	9408	0	3.6741337456646708
1	9409	0	0.8091394820947407
0	9410	1	2.0342782969292266
1	9411	1	1.7301041867249316
1	9412	1	0.2318487821767449
0	9413	1	1.766003043575199
1	9414	1	0.32451573588668936
1	9415	0	1.943113989686472
0	9416	1	2.421743259591561
1	9417	1	2.3988442193957584
1	9418	1	1.357809199395688
1	9419	1	2.64202360810234
1	9420	1	0.30663699400430716
0	9421	1	0.5569630854501479
0	9422	1	1.2642648145509774
1	9423	1	2.0337397665496293
1	9424	1	1.5931915955480254
1	9425	1	0.3492542717050992
0	9426	1	1.8592502076146395
0	9427	0	0.32693117587049153
0	9428	1	0.5695875209102014
1	9429	1	2.015490593485574
0	9430	1	2.3436653365561746
1	9431	0	0.41114741072547994
0	9432	1	0.6305801434067596
0	9433	1	1.1138291514505148
1	9434	1	1.6874769446451465
1	9435	0	0.21127817065053103
1	9436	1	1.0175082424708102
1	9437	1	2.616455337213232
1	9438	1	0.9593276955790643
1	9439	1	0.5259205549732733
1	9440	1	3.058360610465133
1	9441	1	2.731018495680681
0	9442	1	0.6852811992592297
0	9443	1	0.3954651669200014
0	9444	1	1.827061732501529
1	9445	1	1.311372663766064
1	9446	1	0.1276349893321431
1	9447	1	3.581239252781369
0	9448	0	0.697025633466004
1	9449	1	3.57706093443823
1	9450	0	0.5567656913307849
1	9451	1	0.26256012623808167
0	9452	1	2.418885446295864
1	9453	1	0.5302307464442716
1	9454	1	3.220192607349808
0	9455	1	1.852905886902857
1	9456	0	2.355639024214102
1	9457	1	1.5003592894142699
0	9458	1	1.5227049795290128
1	9459	0	0.8067753159547953
0	9460	1	0.2626873084197893
0	9461	1	1.1705242184613076
1	9462	1	0.5038689470440364
1	9463	1	0.15999841172350113
1	9464	1	0.21555187230721587
0	9465	1	1.2543814354257627
1	9466	0	2.9400858119670747
1	9467	0	1.704389431980143
1	9468	1	0.6920539515266976
1	9469	0	2.7420133657759593
1	9470	1	2.7945437337497325
0	9471	0	0.4226774234213446
1	9472	1	0.27896827697476645
1	9473	1	2.67009609412217
1	9474	1	0.5622009954162365
1	9475	1	1.0576186900844484
0	9476	1	2.8550238303831565
1	9477	1	0.6484567168570646
1	9478	1	5.641556093573616
1	9479	0	1.0968777367534208
1	9480	1	4.37595886780912
1	9481	1	2.752630696583042
0	9482	0	1.6375470577816411
1	9483	1	1.6441345356400026
1	9484	1	1.9605308975492914
1	9485	1	3.9870659776358104
0	9486	1	1.6340018591799952
1	9487	1	0.43833388055495365
1	9488	1	2.70624786758774
1	9489	1	0.21630220487263072
1	9490	1	0.684071864622017
1	9491	1	3.0583470160798947
1	9492	1	0.423797526873185
0	9493	0	1.5786815575407573
1	9494	1	0.20775716157579238
1	9495	1	1.8411449376018678
1	9496	1	2.2998870047783204
1	9497	1	1.7550256115429406
1	9498	1	1.4838130437276116
0	9499	1	1.4926730711062144
1	9500	1	0.40340309862490414
0	9501	1	2.891205063060761
1	9502	1	0.26232908928523396
1	9503	1	1.7220060246397206
1	9504	1	0.7280507487156621
1	9505	1	1.884798256468387
0	9506	1	0.2652326084001778
0	9507	1	1.0834461975813805
1	9508	1	2.1999309637809796
1	9509	1	1.1727154480825603
1	9510	0	1.9644882315950711
0	9511	1	0.3000371211166673
1	9512	1	2.192814244398049
1	9513	1	4.968268350275946
0	9514	1	1.201130685576753
0	9515	0	2.466167818654831
1	9516	1	0.6444492445096913
1	9517	1	1.0859250860044554
0	9518	1	0.4744803764593026
1	9519	1	1.766942576097108
1	9520	1	0.3610500498517797
1	9521	1	0.5485034868447225
1	9522	0	0.8766453187648059
1	9523	1	3.723392596422126
0	9524	0	2.7649181056418866
1	9525	0	1.2731956735212162
1	9526	1	0.8396964186532555
1	9527	1	2.048643598897043
1	9528	1	0.29547566698092415
1	9529	0	2.0532119742207184
1	9530	0	0.6762543121381096
1	9531	1	3.6394964299920964
0	9532	1	0.18861908833450092
1	9533	1	0.6582930255512288
1	9534	1	1.4396260867204411
0	9535	1	2.7162976690890357
1	9536	0	1.5535848994846828
0	9537	1	1.2797248164283397
1	9538	1	3.7275749467133608
1	9539	1	0.7597310913856474
0	9540	1	0.5240400189573654
0	9541	1	2.6702810391788123
1	9542	1	2.786275583703049
0	9543	1	3.878589157389999
1	9544	1	2.6837182475126675
1	9545	1	4.662966983209794
1	9546	1	0.15819966813275882
1	9547	1	1.285584525540229
0	9548	0	2.391710871471656
1	9549	0	0.19175134481276904
1	9550	1	0.7557380453046435
1	9551	1	3.5650143876577585
1	9552	1	0.4768868657519984
0	9553	1	1.2199039395278732
1	9554	1	1.791548409036916
1	9555	1	0.9371925834122248
1	9556	1	0.9828560678219054
1	9557	1	3.246325402824374
0	9558	1	0.2620063958559019
1	9559	1	2.8303725613615636
1	9560	1	0.10526276738945785
1	9561	1	0.30860708745169096
0	9562	1	1.3497743652701146
1	9563	0	1.296922054899917
0	9564	1	2.0180083676525427
1	9565	1	0.47076413949298396
0	9566	1	1.6587020457126709
0	9567	1	2.0416199551238017
1	9568	1	0.6503062112998154
0	9569	1	1.6810637898568235
1	9570	0	1.434104634978677
0	9571	1	1.2088121119718054
0	9572	1	1.2351169890614002
1	9573	1	0.46134719556047443
1	9574	1	5.628096519375442
0	9575	0	3.6997010046953362
1	9576	1	0.5024983946722996
1	9577	1	1.3402776655361957
1	9578	1	2.5200855226043655
1	9579	1	1.8554012498528591
1	9580	1	0.6370243963390138
1	9581	1	1.05013786445519
0	9582	1	3.373030979602305
1	9583	0	1.8589893690065085
1	9584	1	0.8162820325329115
0	9585	1	0.3701233496681932
0	9586	1	0.482440158974264
1	9587	1	2.5315202742194303
0	9588	1	1.3478405016694386
0	9589	0	1.5806895105281258
1	9590	0	1.8896840593673474
1	9591	1	0.5168880563403455
1	9592	1	1.789160946038299
1	9593	1	2.13308714428572
1	9594	1	0.32004198390358635
0	9595	1	1.6105775025804576
1	9596	1	3.944506834452168
1	9597	1	1.730297642878865
1	9598	1	0.03704858670676453
0	9599	1	0.20438617831506745
0	9600	1	2.3492688707836065
0	9601	1	0.024248956936774913
1	9602	1	0.7160060265931575
1	9603	1	0.779180952109065
0	9604	0	2.5165749878536556
0	9605	1	1.1912988031381913
0	9606	1	1.8221713884882005
1	9607	1	2.2541662225097236
1	9608	1	0.23147013163853059
1	9609	1	0.1886178209418805
1	9610	1	1.9085253520508605
1	9611	1	3.3877596189823636
1	9612	0	1.506105917900646
1	9613	1	0.4287931578103273
1	9614	1	2.950482713690164
1	9615	0	0.5591942494661781
1	9616	1	1.8476751180328284
1	9617	1	1.2458989776050706
0	9618	1	0.9873951108690356
1	9619	1	1.812800860960494
1	9620	0	2.03777779888842
1	9621	1	0.24359102765052168
1	9622	1	0.909166756557231
0	9623	1	0.6785118885677708
1	9624	1	2.1786655887561768
1	9625	0	2.9020733286880334
1	9626	1	0.4089091712829624
0	9627	0	0.3790584737632899
0	9628	1	0.09127375302315614
1	9629	1	0.25122279242729423
1	9630	1	0.2734133726759504
0	9631	1	3.8561533696174415
1	9632	1	1.3121728422460663
1	9633	1	0.5383438185580433
0	9634	1	0.2618362174713152
1	9635	1	3.516559710826268
1	9636	0	2.243112562882416
1	9637	0	4.143751016359387
0	9638	1	1.1553678834262724
1	9639	1	0.8343260558608258
0	9640	1	0.5139762020456361
0	9641	1	1.802024355631027
0	9642	1	0.3510237276021531
0	9643	1	1.2397326338210009
1	9644	1	1.422625126406248
1	9645	1	0.4122484823096409
1	9646	0	0.26859390709409425
1	9647	0	3.320573834653024
1	9648	1	3.2429700620538697
1	9649	0	1.0771768915810014
0	9650	0	1.9870592687292667
1	9651	0	6.7004641400499
1	9652	1	5.008222537056701
1	9653	1	0.8641305395411
0	9654	1	1.5682286912044088
1	9655	1	0.16164206837418502
0	9656	1	2.116812262120287
1	9657	1	0.9396282814901297
1	9658	1	0.14796086534933153
0	9659	1	3.1114108603326796
0	9660	1	0.8469216875000573
1	9661	1	0.27395543896015395
1	9662	0	1.2199494537972286
1	9663	0	1.9523108152256317
1	9664	1	1.6754602703801906
1	9665	1	1.4583849244704368
1	9666	0	2.6178489827143863
1	9667	1	1.403561275181805
1	9668	1	0.6124673669018625
1	9669	0	1.7870233898086798
0	9670	0	1.7132877698719209
0	9671	1	1.2323980861858754
1	9672	1	1.283441254503764
1	9673	1	0.2840597434722924
0	9674	1	0.5669723690444866
0	9675	1	0.38161826405332927
1	9676	1	1.8079257967185474
1	9677	1	2.0155089030476665
0	9678	1	1.9307910137982016
0	9679	1	1.4382805562845888
1	9680	1	1.1583060553268572
1	9681	0	1.0454149579917476
1	9682	0	2.7467717102397313
1	9683	1	2.994986497613103
1	9684	1	1.7641255578073676
0	9685	0	5.332869664524379
0	9686	1	1.4838674406349843
1	9687	1	4.642614670757053
1	9688	0	0.9031004496080789
0	9689	1	0.4408088823517733
1	9690	1	2.1980221140279963
1	9691	1	1.0528972891405401
1	9692	1	0.8617590204759908
1	9693	0	0.1356080614457222
1	9694	1	1.9708496602283556
1	9695	1	2.799131667297793
0	9696	1	2.4842380027626496
0	9697	1	1.720584633500267
0	9698	0	1.4925216815423878
0	9699	1	1.664189061965547
1	9700	0	2.142078599585196
0	9701	0	1.6476201037400589
1	9702	1	2.55471648297638
1	9703	1	1.7993448413761843
1	9704	0	0.2967548669904074
1	9705	0	0.2120206324171783
1	9706	1	0.2957256798423587
1	9707	1	1.9112842807110104
1	9708	1	0.29287932710373893
1	9709	1	0.8594844931891851
1	9710	0	0.38823076927945516
1	9711	1	1.2753288625037926
0	9712	1	1.0029679495196437
1	9713	1	0.5196867352985066
0	9714	0	0.09367104173388478
0	9715	1	1.2215587401805343
1	9716	1	0.24176169546087237
1	9717	1	2.280935916748752
1	9718	1	1.8129929730914167
1	9719	1	0.19767452867145985
0	9720	1	1.6475182590014603
1	9721	1	1.7272576844695122
1	9722	1	0.5028982604145562
1	9723	1	0.5138542138495482
1	9724	1	0.4302724385289649
1	9725	1	0.6968254160595658
0	9726	1	0.3324193595723082
0	9727	0	1.1509956916555346
1	9728	1	0.650456255864759
0	9729	0	1.3298508581506574
1	9730	1	1.0021454909677814
0	9731	1	0.5360321921137948
1	9732	0	3.2619468000857883
1	9733	1	5.523389733097038
0	9734	1	2.3056532124344824
1	9735	1	0.9522873624911811
0	9736	0	0.9198379515350211
1	9737	1	0.1569189851650123
0	9738	1	2.1552683214085437
1	9739	0	0.4905107704693939
1	9740	1	1.3119615104464477
1	9741	0	0.2601218213374172
0	9742	1	0.3052324037772934
1	9743	1	0.5617208962097696
1	9744	0	0.47296527032940056
1	9745	1	1.590543759527777
0	9746	1	0.52385489619464
1	9747	1	0.6670976638521774
0	9748	0	1.2817755515495979
1	9749	1	0.31776540461599717
1	9750	1	4.896032260962871
1	9751	1	1.0601591701677358
1	9752	1	1.0178660196868232
0	9753	1	1.1125450059522215
1	9754	1	2.0357008693191707
1	9755	1	4.463977833922031
1	9756	1	0.11258468557771466
0	9757	0	1.550784888079401
1	9758	1	3.232382125067287
1	9759	1	2.605687165780379
1	9760	1	2.17701238221954
1	9761	0	1.2109966603720168
0	9762	1	0.8687716703407742
1	9763	1	0.20671035039372623
0	9764	1	0.4929553444463792
0	9765	1	0.4240956330237637
1	9766	1	0.24773973676452965
1	9767	1	2.7000060523811187
1	9768	1	0.4281552626403757
1	9769	1	1.0009997909497745
1	9770	1	0.9775947985453596
1	9771	1	1.463296246370551
0	9772	1	1.073768916220392
1	9773	1	0.267955196684382
1	9774	1	3.1274402628680877
1	9775	0	2.534147478787234
1	9776	1	2.6781759948150157
1	9777	1	4.238302485498466
1	9778	1	0.8815873881007726
1	9779	1	0.1976951974979693
1	9780	1	1.8218950569744898
1	9781	1	1.752003645919996
1	9782	1	2.287176542465814
0	9783	0	1.5473685499392091
0	9784	0	0.2724087203439645
1	9785	0	1.849334953683046
0	9786	1	0.2017143726770333
0	9787	1	1.4740870489005882
1	9788	0	0.2664103880095164
1	9789	1	3.1208051049113545
0	9790	1	2.502555108853984
1	9791	1	1.4232727484741494
1	9792	0	2.7597359827736394
1	9793	1	1.2435242310416432
1	9794	1	0.23384015181174453
1	9795	1	0.5053319138326448
0	9796	1	2.6882869699844965
1	9797	0	0.7390525472408497
1	9798	1	0.951514427138382
0	9799	0	0.15173180795246655
0	9800	1	0.38660614765133305
1	9801	1	0.1307415156484078
1	9802	1	2.3966374645820925
0	9803	0	0.545940910156709
0	9804	1	1.647723374546025
1	9805	1	2.388135517819945
0	9806	1	1.1315017723725986
0	9807	0	3.5207578618181308
1	9808	1	0.6170118058169912
0	9809	0	2.826005848844771
1	9810	1	0.528975922102196
1	9811	1	1.6700421092131783
0	9812	0	1.3152045989026426
0	9813	1	2.033755692323463
1	9814	1	1.8192406824415082
1	9815	0	1.3378336429837034
1	9816	1	2.1692745475048096
1	9817	1	0.5044637788123271
1	9818	1	1.9686812889249232
1	9819	1	1.3223213399116234
1	9820	1	2.424154041363376
0	9821	0	1.5484350270088152
1	9822	1	1.346564426997123
0	9823	0	1.2062983805088716
1	9824	1	1.736196888589095
1	9825	1	2.686104472217295
1	9826	1	1.288365362776794
0	9827	1	1.2552497801211437
1	9828	1	2.1173482361449576
0	9829	1	0.5479822781386908
1	9830	1	1.8671687561457453
0	9831	1	0.4743658123862799
1	9832	1	1.3228513713228138
0	9833	1	0.5826070521264517
0	9834	1	0.2838383126389929
1	9835	1	1.5367235194752469
1	9836	1	0.6947453361494431
1	9837	1	3.3298786500254667
1	9838	1	1.786113576057529
1	9839	1	1.2698692797563587
1	9840	1	1.3397970712844396
1	9841	0	0.5947477806882459
1	9842	1	1.5802652253703295
1	9843	1	2.151381050209893
1	9844	1	2.476284673456055
0	9845	1	1.685815325820565
1	9846	1	0.7960194552093722
1	9847	1	0.4294119812946881
1	9848	1	0.45323436433240705
1	9849	1	2.104827174281227
0	9850	1	1.6128462330502888
0	9851	1	1.2951922122240713
1	9852	0	1.2071662693646352
0	9853	1	1.6159971118468828
1	9854	1	2.7608717213880545
0	9855	0	0.2806553998278266
1	9856	1	0.8996958130767098
1	9857	1	1.0477457943553483
1	9858	1	0.9112560167997485
1	9859	1	0.3707460687788417
1	9860	1	0.8431145119556485
1	9861	1	0.8774718192595113
1	9862	1	1.8832339528196484
1	9863	1	1.7378877706715394
1	9864	0	2.5433747430110833
1	9865	1	1.6620550555966942
1	9866	1	3.9375192830038
0	9867	1	2.5518893579303894
1	9868	1	1.086379535667437
1	9869	1	2.676188806899225
1	9870	1	1.5321186551635642
0	9871	1	1.142048698961658
0	9872	1	1.4518349704956295
1	9873	0	0.4201442595173981
1	9874	1	0.9125574900489001
1	9875	1	2.983884563705001
1	9876	1	1.6540100921710377
1	9877	1	1.0184032817993705
1	9878	1	2.2528972059081838
1	9879	1	1.1753406119290168
0	9880	1	0.2956074064043797
0	9881	0	1.912174491350096
1	9882	1	1.58825799517136
1	9883	0	3.0246478066250053
1	9884	1	0.9877765399277546
1	9885	1	1.1616970720759097
0	9886	1	1.3241114507049292
1	9887	1	1.0841105368056274
0	9888	0	1.8391586998507414
0	9889	1	1.4732749417714575
1	9890	0	0.2564461288148618
0	9891	0	2.8207703609402692
0	9892	1	1.5098651224336068
1	9893	0	1.6657469037236972
1	9894	0	0.565992959380739
1	9895	1	1.1581098087831267
1	9896	0	0.5255440165957826
1	9897	1	0.8046020821724532
0	9898	0	2.753044050180046
0	9899	1	1.2656767326172842
0	9900	1	1.510831583541186
1	9901	0	0.36117939262739945
1	9902	1	3.652148456271069
1	9903	1	3.351140841270894
1	9904	1	2.4130268241946244
1	9905	1	1.7068307243647702
0	9906	0	0.14731217172854064
0	9907	0	1.9933131885401805
1	9908	1	2.724752566005702
1	9909	1	1.8977605048294084
0	9910	1	1.6672044914198654
1	9911	1	1.7438861495726006
1	9912	1	0.6438657879869688
1	9913	1	1.6964518019737647
0	9914	0	0.2411938294565673
1	9915	1	0.6520708080890596
1	9916	1	0.233961758026354
1	9917	1	1.808961253258339
1	9918	1	1.443661314818612
1	9919	0	3.4166123883896713
1	9920	0	1.7320827378742083
0	9921	1	0.23438505485071717
0	9922	1	1.7213761861356074
1	9923	1	2.2450492076477393
0	9924	0	0.33348270770310484
0	9925	1	1.6430932749411546
1	9926	1	1.7831362855958213
0	9927	1	0.20711610093076646
1	9928	1	3.015560959608362
1	9929	1	2.660271926274527
1	9930	1	0.07086375531508836
1	9931	1	0.44243672212259816
1	9932	0	1.4678869299394373
1	9933	1	3.5408110813284104
0	9934	1	0.24510366312596157
0	9935	1	0.345714125045876
1	9936	1	2.5473489914811585
1	9937	1	2.916735188222917
0	9938	1	1.23045598578267
1	9939	1	1.0996310922508112
1	9940	1	1.7976707153586036
1	9941	1	0.7145618153614083
1	9942	1	1.672186268383741
1	9943	0	0.2815011466376691
1	9944	1	2.4725858433519052
0	9945	0	0.2782032154307888
0	9946	1	1.0198941183193557
1	9947	1	1.5817065534087884
1	9948	1	1.4163982919209157
1	9949	1	1.9350864416002551
1	9950	0	0.9411084116768628
1	9951	1	0.9185165731189495
0	9952	1	2.1004497622947773
0	9953	0	0.6437824848030559
1	9954	1	0.8937812120966644
0	9955	1	1.378349430431807
1	9956	0	1.0745712100396416
1	9957	0	0.9189103895568694
1	9958	1	0.1378253539526441
1	9959	1	0.5331268377728341
1	9960	1	2.927936372934814
1	9961	1	1.1565150834745572
0	9962	1	1.6266913051470802
1	9963	1	2.1080268998544844
1	9964	1	0.6067924290036949
1	9965	1	1.8210329033504957
0	9966	1	1.4376334958941241
0	9967	0	1.2928276416138103
1	9968	1	0.7580974475101616
1	9969	1	0.4851752905342117
1	9970	1	3.046618473258546
0	9971	1	0.20142173642264324
0	9972	1	0.20947300889010192
1	9973	1	2.1634600929521333
1	9974	1	1.9635586311670163
1	9975	1	0.2741634008929061
1	9976	1	1.875924247184926
1	9977	0	0.4252733878833052
1	9978	1	0.26870262445756216
1	9979	1	0.26631747269984624
1	9980	1	2.2382415051118785
1	9981	1	2.6686452081836975
0	9982	1	1.2516278575663498
1	9983	1	1.6142593275631192
1	9984	1	2.1449626230288827
0	9985	1	1.5912601167899874
0	9986	1	2.3733543858355906
1	9987	0	0.1385166669382046
0	9988	1	0.23193138935359603
1	9989	1	0.17002598905301794
1	9990	0	0.39904431818882086
1	9991	0	0.2384662024463742
1	9992	1	0.8297817136922827
1	9993	1	0.8000718636241583
1	9994	1	1.0876806834299193
1	9995	1	2.382641671781653
1	9996	1	1.247182054104948
1	9997	1	3.1989062722766946
0	9998	1	0.9681675758160191
0	9999	0	0.3712635185715447
