1	9000	1	0.38665201513950165
1	9001	1	1.6869240804652976
0	9002	1	0.49114692547667677
0	9003	1	0.1869090715813652
0	9004	1	0.17679316138425435
1	9005	1	1.4228757470553788
1	9006	1	0.7352495123828494
1	9007	1	2.1516645177906195
0	9008	1	1.3331922339168454
1	9009	1	1.4886404202581849
1	9010	1	2.989626812123879
1	9011	1	2.5255008794798646
0	9012	1	0.8838550002212396
1	9013	1	2.0594921297057445
1	9014	1	1.8182731140575359
1	9015	1	0.05944627003877788
1	9016	1	0.31374064617175645
1	9017	0	1.459425166606692
0	9018	0	0.8109406751851638
1	9019	0	0.46262978778723735
0	9020	1	0.21296661656697835
1	9021	1	0.36978068064127884
1	9022	1	2.2562510022595585
1	9023	0	0.14599268755907574
0	9024	1	1.331780032594823
0	9025	1	0.2672381906307245
1	9026	0	1.4762301698151208
1	9027	0	0.10119565654913167
1	9028	1	1.9584947222744318
1	9029	0	1.754054896074458
1	9030	1	0.9602413775896077
0	9031	0	0.2047669270288799
1	9032	0	1.1891766975578606
1	9033	0	0.2076579083924722
1	9034	1	1.367988479739179
1	9035	1	1.0821469850559555
1	9036	1	0.2497191908020249
0	9037	1	1.9815537364043803
1	9038	0	0.26231341068984554
1	9039	1	0.2020577463190074
1	9040	1	1.6765702435840046
1	9041	1	0.7877776167539855
0	9042	0	1.40331313542925
1	9043	1	1.755748920828116
0	9044	0	1.3164282322744498
1	9045	1	2.0911299989213314
1	9046	1	0.4288345397877331
0	9047	1	1.6370094729045825
1	9048	1	0.9820470307416569
1	9049	1	1.612861778383007
0	9050	1	0.2063591587932897
1	9051	0	1.3276343564859068
1	9052	1	0.7360264674675433
1	9053	0	0.2555332661647169
1	9054	1	1.0929203519436326
0	9055	1	1.3096631222626691
1	9056	1	1.2249746560395474
0	9057	1	0.31883217352748217
1	9058	1	1.5925803335065885
0	9059	1	1.9802442328047485
1	9060	0	1.2433037886469294
0	9061	0	1.7820504317450574
1	9062	1	0.7553259167267026
0	9063	1	1.2399141309014166
1	9064	1	1.2838173284766687
1	9065	1	1.9150691663389072
1	9066	1	0.18824454685663483
1	9067	1	1.2908775982259308
0	9068	1	0.26665381356646967
1	9069	0	0.9816386353714118
1	9070	1	0.3054634526126042
1	9071	1	0.24870714867249893
0	9072	1	1.9131064757785503
1	9073	0	1.1011250604459735
1	9074	1	0.21717124165397253
1	9075	0	0.27164528730853177
1	9076	0	0.36875063961070786
0	9077	1	1.4118336180560016
1	9078	1	0.9456340713312137
1	9079	1	0.25014667899304915
0	9080	1	0.2241589212956902
1	9081	1	0.814504402822579
0	9082	0	2.7274287637729167
1	9083	0	3.3594944405569795
1	9084	0	1.8919653047441078
1	9085	1	1.871491075436648
1	9086	1	0.9141302894822797
1	9087	1	0.7054088988006775
1	9088	1	1.8439982662274743
1	9089	0	1.2665937086546446
1	9090	1	0.34931047916546804
1	9091	1	1.1220643719612486
1	9092	1	0.22987510690898472
1	9093	1	1.5744137315800641
1	9094	1	1.6491768623793417
1	9095	1	0.5417560131170263
0	9096	0	1.7369075957094167
1	9097	0	0.9359120257015148
0	9098	1	2.0632635767419902
1	9099	1	1.2213019951854354
1	9100	1	1.277789602663965
0	9101	0	1.168088424269083
1	9102	1	1.3843647862762911
1	9103	0	0.4443530817145083
1	9104	1	0.8730108409660514
1	9105	0	1.6744120858596374
0	9106	0	1.0396906705887186
1	9107	1	1.0490109999447466
1	9108	0	0.2952145550535649
0	9109	1	0.15385303998508437
0	9110	0	0.19385804352647495
1	9111	1	0.1124278528897799
1	9112	1	1.888375265543134
0	9113	1	0.2362142644781771
1	9114	0	1.0115488397014405
1	9115	1	0.4191342745899794
1	9116	0	0.9953533430299453
0	9117	1	1.7086988729158035
0	9118	1	1.2926106457330286
1	9119	1	0.35877133181173637
0	9120	1	1.7928183480333475
0	9121	1	1.0320669046899018
1	9122	1	0.6163300384463015
0	9123	1	0.8160741735721129
0	9124	0	0.24753429591452364
0	9125	1	0.2051271030300846
1	9126	0	0.16587085677889715
1	9127	1	0.8746543553731508
0	9128	1	1.191408255591889
1	9129	1	0.22491022213467757
1	9130	0	1.3251968008300752
1	9131	1	0.39555006148308114
0	9132	1	2.312172490209561
1	9133	0	0.14723399733145343
1	9134	1	1.0893614442586677
1	9135	0	0.6233973504452962
1	9136	1	0.27167058778172815
1	9137	1	1.3082481436809
1	9138	1	0.5668292048273712
1	9139	0	0.1394327633340769
0	9140	0	0.2597080527570089
1	9141	1	0.0778752045292105
1	9142	0	0.2533743567120967
1	9143	1	0.6805645047827409
1	9144	1	0.6180489704529423
1	9145	1	0.7420934009648102
0	9146	1	1.0334759292197395
1	9147	1	1.2606233499403208
1	9148	0	0.1934229007612925
0	9149	1	1.6166548658533966
1	9150	1	0.9136781429830838
1	9151	1	0.4308921378437611
1	9152	1	0.13681972699387462
1	9153	1	2.5933784637595774
1	9154	1	0.16208810011898175
1	9155	1	0.8007310864241848
1	9156	0	1.8060292408101684
1	9157	1	0.22477343481953185
1	9158	1	1.8211809014124827
1	9159	1	0.41032255452183153
1	9160	1	1.5166394396414469
1	9161	1	0.10059367893208129
1	9162	1	0.3097761105597492
1	9163	1	0.8319729976254
1	9164	1	0.8576753232718595
0	9165	0	1.5597037880327465
1	9166	1	0.453232807327606
0	9167	1	0.9891681181195197
0	9168	1	1.2367587770063895
1	9169	1	0.0649701878702393
1	9170	1	0.19411827017607455
1	9171	1	1.1287215571095832
1	9172	0	0.8818648353190562
0	9173	1	0.28596620509270904
1	9174	0	0.11855227933361766
1	9175	1	1.3593347927233046
1	9176	0	1.2406833180932086
1	9177	1	0.7871164188943409
0	9178	1	0.39343106935291317
1	9179	1	0.1562044747941256
1	9180	1	1.0311591652836711
1	9181	1	1.6069554184387809
1	9182	1	0.5918547190522638
1	9183	1	0.041861725000152034
0	9184	1	1.4618725769936682
0	9185	0	0.25761339917212905
1	9186	1	0.6309407089972232
0	9187	1	1.3257868035661104
0	9188	1	0.17304576952556494
1	9189	1	0.19716684527544806
1	9190	0	1.0337956502665486
1	9191	0	1.5395742726021464
1	9192	1	1.3606943269626546
1	9193	0	0.6221427631178006
1	9194	0	0.2982039120217856
1	9195	0	0.15374678695752786
1	9196	1	1.3958824578263915
1	9197	1	1.1171626934976893
1	9198	1	1.6622564326399545
1	9199	1	1.0418914923188156
1	9200	1	0.2675752365172124
1	9201	0	1.2800615363829886
1	9202	1	0.33976878939793337
1	9203	1	1.6492758816097788
1	9204	1	0.1874354251083261
1	9205	1	1.975770063325228
1	9206	1	1.2059782218974837
0	9207	1	2.0122688283088648
1	9208	0	0.6426446857275598
1	9209	1	3.390977499582779
1	9210	0	0.940626786290348
1	9211	1	0.11454808592795131
1	9212	1	1.3455808734696422
1	9213	1	0.3100930903063569
0	9214	0	1.3218277214608716
1	9215	0	1.3373740023893204
1	9216	1	1.4414174289754749
0	9217	1	0.3583389562967818
1	9218	1	0.9495548212211585
0	9219	1	1.1271531735460327
1	9220	1	1.3308812017363785
1	9221	1	1.9952585940166236
1	9222	1	0.5258690553615403
1	9223	1	0.19049735157980796
0	9224	1	1.4058982497332047
1	9225	0	1.8482275799859709
1	9226	0	0.2286564706582274
1	9227	1	1.7218603173430203
1	9228	1	0.6598074063356875
0	9229	0	1.3113125388392162
1	9230	1	0.2513405235763972
1	9231	1	0.7336093757025138
1	9232	1	1.6187933879476124
0	9233	1	2.157390892016716
1	9234	1	0.25899871696928484
1	9235	1	1.3401627450490523
1	9236	1	0.7648712474770535
1	9237	1	1.385002130583221
1	9238	1	1.227664278076884
0	9239	1	0.6789570227940444
1	9240	0	0.5765892418646585
0	9241	1	0.2539185529882261
1	9242	1	0.6007077477547519
1	9243	1	1.2656217626246478
0	9244	0	2.198502630836986
0	9245	1	2.159546361326544
1	9246	1	1.2279534568147545
1	9247	1	0.1930241163248448
1	9248	1	0.3010340629997902
0	9249	0	0.21611720492173872
0	9250	1	0.1372232565039093
1	9251	1	1.358367354281908
1	9252	1	0.2970263726776947
0	9253	1	0.13143604730783734
1	9254	1	1.9138395558987942
1	9255	1	1.6620975901028314
1	9256	1	1.129077306385777
1	9257	1	1.5728929911519158
1	9258	1	1.1675699627143568
1	9259	1	0.30504660549426005
1	9260	0	1.862914148522443
1	9261	1	1.4934640505242527
0	9262	1	1.6994271391193871
1	9263	1	1.500720291537034
0	9264	0	1.2730147699263674
0	9265	0	1.0172375773276743
1	9266	1	0.07182145885800982
1	9267	0	0.22053014734762316
0	9268	0	2.0235679752087297
1	9269	1	0.7361779285714533
0	9270	1	0.10757961221074094
0	9271	0	0.6997040180734733
1	9272	1	0.19254805529297966
0	9273	0	1.3248991214060903
0	9274	1	0.18495685292271782
0	9275	0	0.9032387075138467
1	9276	1	1.0646014622639732
1	9277	1	1.947377787620324
1	9278	1	0.5499289558303432
1	9279	0	0.146550471798641
1	9280	1	1.0619632561331207
1	9281	1	0.48519485160974163
0	9282	0	0.14028815315189597
1	9283	1	0.7378460507791696
1	9284	1	0.5097327325954093
1	9285	1	0.664158945691951
1	9286	0	0.6216639979654263
1	9287	1	0.1912290209346569
1	9288	0	0.22586379266476425
1	9289	1	1.4748182326115862
1	9290	1	0.29002878422767
1	9291	0	1.2205439996076093
1	9292	1	1.7113702837378943
1	9293	1	1.572600400436798
1	9294	0	0.15706980563757322
1	9295	1	1.0152252791772451
1	9296	1	2.7538991526024694
1	9297	1	1.623038162278283
1	9298	1	0.8123694763614314
0	9299	1	1.458928173889867
1	9300	1	0.11752316416511116
1	9301	1	0.2961757910853365
0	9302	1	1.2276138000862267
1	9303	1	0.6428870865911153
1	9304	1	1.7944914010547925
0	9305	1	0.2713146279986812
1	9306	1	1.9071652500367438
1	9307	1	0.5139389213216412
1	9308	1	0.5793965555281834
0	9309	1	2.071243637515731
1	9310	1	0.2523810091466195
1	9311	1	0.812436367617387
1	9312	0	0.127360301200622
1	9313	1	1.0094397179027528
0	9314	1	0.5564672662211129
1	9315	1	0.501189595313086
1	9316	1	0.6286239669744162
1	9317	1	0.6196989294518278
0	9318	0	1.6803563431825541
1	9319	1	0.4716828030142719
1	9320	0	0.09691081113095136
0	9321	1	1.255022058490293
1	9322	1	0.3825431220773522
0	9323	1	0.1702724563162916
1	9324	1	1.2908372415594596
0	9325	1	1.1557628768091293
1	9326	0	0.9927143109815977
1	9327	1	1.3258986636329229
1	9328	1	1.3886615308689847
0	9329	1	0.34099155064132297
0	9330	1	0.14223820474245064
1	9331	1	1.4043362358312255
1	9332	1	0.6814181322140231
1	9333	1	1.3685040267815773
1	9334	1	1.6622730981218523
0	9335	1	0.15443674152829182
0	9336	1	0.20595445605379728
1	9337	1	0.9819379280808352
0	9338	1	1.2914058206500931
0	9339	1	0.25303034250316325
1	9340	1	0.3019910347426915
1	9341	1	0.715942352837156
1	9342	1	1.2488230680317738
1	9343	1	1.0710422135128412
0	9344	1	0.1271421563424492
1	9345	1	0.1812718554906213
0	9346	0	1.578624193695072
1	9347	0	1.1898762877198223
0	9348	1	1.2684295518011326
0	9349	1	1.5375855197892905
1	9350	1	2.170980065743166
1	9351	1	0.4556491331376365
1	9352	1	1.1477638565515706
1	9353	1	1.3464471803155877
1	9354	0	1.4592844737662387
1	9355	1	0.8268694591056218
1	9356	0	0.20169589946842076
1	9357	0	0.24085564594349743
1	9358	1	1.3550484957430107
1	9359	1	0.5603806418945323
1	9360	0	1.8413654034893199
1	9361	1	1.4820052569264288
1	9362	1	0.47208036791614755
0	9363	1	0.1616521132236287
0	9364	1	1.4520855540499704
1	9365	1	1.2611124570633074
1	9366	0	0.397668903195394
1	9367	1	0.7540443154430421
1	9368	1	1.246340580083652
1	9369	1	0.24194690957514167
1	9370	1	1.3382193142198218
0	9371	0	1.9853656607380825
1	9372	1	0.3411856949543371
1	9373	1	2.56794830349979
1	9374	1	0.9041669575841378
1	9375	1	0.7392846066612994
1	9376	1	0.25344173127280867
0	9377	0	0.3108983086284791
0	9378	1	3.258639916958028
1	9379	0	2.6795385721055744
1	9380	1	1.508472997391328
1	9381	1	1.8311897298487783
1	9382	1	1.155196171824072
0	9383	1	0.1717681868929414
1	9384	1	0.5356899782802722
1	9385	1	0.5927347119477104
0	9386	0	1.216754616381379
1	9387	0	0.4887776506186942
1	9388	0	0.8939651223386628
1	9389	0	2.862121026582977
1	9390	1	0.8722612504247426
1	9391	1	0.09517894097799684
1	9392	0	1.5819929003957656
1	9393	1	2.1582271024523996
1	9394	1	1.0117852521749626
1	9395	1	0.3041453413665857
1	9396	1	0.7558193004229559
1	9397	1	1.4237648719369103
1	9398	1	1.2820639651322858
1	9399	1	0.9612578255756513
0	9400	0	0.6176339016923037
1	9401	1	2.072689369364433
1	9402	1	1.4686062670532152
1	9403	1	1.0938327072529122
0	9404	1	0.46364040220030517
1	9405	1	1.2812280045840032
1	9406	1	1.1659942813419926
0	9407	1	0.2243650741213331
1	9408	0	2.755600309248503
1	9409	0	0.6068546115710556
0	9410	1	1.52570872269692
1	9411	1	1.2975781400436988
1	9412	1	0.17388658663255868
0	9413	1	1.3245022826813992
1	9414	1	0.24338680191501702
1	9415	0	1.457335492264854
1	9416	1	2.3514252355298755
1	9417	1	1.799133164546819
1	9418	1	1.018356899546766
1	9419	1	1.5546579831731546
1	9420	1	0.22997774550323036
0	9421	1	0.41772231408761096
1	9422	1	1.2359752891540896
1	9423	1	1.525304824912222
1	9424	1	0.9500443939601851
1	9425	1	0.0871770546968349
1	9426	1	1.598676262298714
0	9427	0	0.24519838190286863
0	9428	1	0.427190640682651
1	9429	1	1.0998646262569662
0	9430	1	1.757749002417131
1	9431	0	0.19214972215857593
0	9432	1	0.4729351075550697
1	9433	1	0.9502018737236778
1	9434	1	1.26560770848386
1	9435	0	0.15845862798789828
1	9436	1	0.7631311818531077
1	9437	1	1.962341502909924
1	9438	1	0.43108671042677416
1	9439	1	0.2580942810236526
1	9440	1	1.733002608935328
1	9441	1	1.5791520381918496
0	9442	1	0.5139608994444222
0	9443	1	0.29659887519000105
1	9444	1	1.7499239172649217
1	9445	1	0.6586167217017775
1	9446	1	0.09572624199910733
1	9447	1	2.1425881948762355
0	9448	0	0.522769225099503
1	9449	1	2.1341974941061412
1	9450	0	0.41757426849808865
1	9451	1	0.09984420192500565
0	9452	1	1.8141640847218983
1	9453	1	0.39767305983320367
1	9454	1	1.8749889665522421
0	9455	1	1.3896794151771428
1	9456	0	1.7667292681605764
1	9457	1	0.7442470754814994
0	9458	1	1.1420287346467597
1	9459	0	0.6050814869660965
0	9460	1	0.197015481314842
0	9461	1	0.8778931638459807
1	9462	1	0.2700985534653718
1	9463	1	0.11999880879262584
1	9464	1	0.1616639042304119
0	9465	1	0.940786076569322
1	9466	0	2.205064358975306
1	9467	0	1.2782920739851071
1	9468	1	0.29456298357120103
1	9469	0	1.5818978640946422
1	9470	1	1.6454489627017788
0	9471	0	0.31700806756600847
1	9472	1	0.20922620773107484
1	9473	1	0.9390809308161261
1	9474	1	0.3022718138358801
1	9475	1	0.5663464363218197
0	9476	1	2.1412678727873673
1	9477	1	0.3220608223601798
1	9478	1	4.231167070180212
1	9479	0	0.8226583025650656
1	9480	1	2.6219387214396814
1	9481	1	1.622107192748836
0	9482	0	1.2281602933362308
1	9483	1	1.2331009017300019
1	9484	1	1.153654876311573
1	9485	1	2.990299483226858
0	9486	1	1.2255013943849964
1	9487	1	0.3287504104162152
1	9488	1	2.0296859006908052
1	9489	1	0.16222665365447303
1	9490	1	0.5130538984665127
1	9491	1	1.818661358871674
1	9492	1	0.20905600937970978
0	9493	0	1.184011168155568
1	9494	1	0.1558178711818443
1	9495	1	1.3808587032014008
1	9496	1	1.7249152535837402
1	9497	1	1.3162692086572054
1	9498	1	1.1128597827957087
0	9499	1	1.1195048033296608
1	9500	1	0.13803405371782665
0	9501	1	2.1684037972955705
1	9502	1	0.19674681696392546
1	9503	1	1.2915045184797904
1	9504	1	0.5460380615367466
1	9505	1	0.955662983357613
0	9506	1	0.19892445630013336
0	9507	1	0.8125846481860354
1	9508	1	1.1873966320509142
1	9509	1	0.6526405129918514
1	9510	0	1.1600466607028859
0	9511	1	0.22502784083750046
1	9512	1	1.644610683298537
1	9513	1	2.941974236477171
0	9514	1	0.9008480141825647
0	9515	0	1.8496258639911234
1	9516	1	0.48333693338226846
1	9517	1	0.8144438145033416
0	9518	1	0.3558602823444769
1	9519	1	0.9103279243330199
1	9520	1	0.27078753738883476
1	9521	1	0.25026049578228327
1	9522	0	0.40500754269401207
1	9523	1	2.7925444473165943
0	9524	0	2.073688579231415
1	9525	0	0.7390021094769297
1	9526	1	0.44312459525716263
1	9527	1	1.1509182448448552
1	9528	1	0.2216067502356931
1	9529	0	1.5399089806655388
1	9530	0	0.3494459706364699
1	9531	1	2.161043661515908
0	9532	1	0.1414643162508757
1	9533	1	0.49371976916342164
1	9534	1	1.0797195650403308
0	9535	1	2.0372232518167768
1	9536	0	1.165188674613512
0	9537	1	0.9597936123212547
1	9538	1	2.1641972238618834
1	9539	1	0.3434986275982429
0	9540	1	0.393030014218024
0	9541	1	2.0027107793841092
1	9542	1	1.4426026618307843
0	9543	1	2.908941868042499
1	9544	1	1.469859406214288
1	9545	1	2.7010204571201397
1	9546	1	0.11864975109956911
1	9547	1	0.9641883941551717
0	9548	0	1.793783153603742
1	9549	0	0.14381350860957678
1	9550	1	0.5668035339784826
1	9551	1	2.673760790743319
1	9552	1	0.3576651493139988
0	9553	1	0.9149279546459049
1	9554	1	1.343661306777687
1	9555	1	0.7028944375591686
1	9556	1	0.737142050866429
1	9557	1	1.9216381674332232
0	9558	1	0.19650479689192643
1	9559	1	1.6899024674761658
1	9560	1	0.07894707554209339
1	9561	1	0.23145531558876822
0	9562	1	1.012330773952586
1	9563	0	0.9726915411749377
0	9564	1	1.5135062757394069
1	9565	1	0.2546986196311566
1	9566	1	1.5445585087188438
0	9567	1	1.5312149663428511
1	9568	1	0.48772965847486155
0	9569	1	1.2607978423926176
1	9570	0	1.0755784762340077
0	9571	1	0.9066090839788541
0	9572	1	0.9263377417960501
1	9573	1	0.3460103966703558
1	9574	1	3.3662316338942633
0	9575	0	2.774775753521502
1	9576	1	0.3768737960042247
1	9577	1	0.71443333527695
1	9578	1	1.890064141953274
1	9579	1	1.3915509373896444
1	9580	1	0.4777682972542603
1	9581	1	0.22377125758142527
1	9582	1	3.3562076091843425
1	9583	0	1.3942420267548814
1	9584	1	0.3398354752772614
0	9585	1	0.18057119705607838
0	9586	1	0.361830119230698
1	9587	1	1.8986402056645726
1	9588	1	1.160041415170221
0	9589	0	1.1855171328960943
1	9590	0	1.4172630445255106
1	9591	1	0.24347945578528526
1	9592	1	1.3418707095287241
1	9593	1	1.59981535821429
1	9594	1	0.24003148792768975
0	9595	1	1.2079331269353433
1	9596	1	2.28818943569963
1	9597	1	0.9699492432872385
1	9598	1	0.027786440030073398
0	9599	1	0.15328963373630058
0	9600	1	1.7619516530877048
0	9601	1	0.018186717702581186
1	9602	1	0.2925475283945589
1	9603	1	0.3779786121763426
0	9604	0	1.8874312408902416
1	9605	1	1.1581903481165559
0	9606	1	1.3666285413661503
1	9607	1	1.3357684189940777
1	9608	1	0.17360259872889794
1	9609	1	0.14146336570641038
1	9610	1	1.0349589936582624
1	9611	1	2.5408197142367728
1	9612	0	1.1295794384254845
1	9613	1	0.3215948683577455
1	9614	1	2.212862035267623
1	9615	0	0.4193956870996336
1	9616	1	1.3857563385246212
1	9617	1	0.705183169431122
1	9618	1	0.9358412881550433
1	9619	1	1.0021371417444274
1	9620	0	1.528333349166315
1	9621	1	0.18269327073789127
1	9622	1	0.29759561464715273
0	9623	1	0.5088839164258281
1	9624	1	1.2296873561903334
1	9625	0	2.176554996516025
1	9626	1	0.3066818784622218
0	9627	0	0.2842938553224674
0	9628	1	0.0684553147673671
1	9629	1	0.18841709432047068
1	9630	1	0.05921812767950557
0	9631	1	2.892115027213081
1	9632	1	0.9841296316845498
1	9633	1	0.4037578639185324
0	9634	1	0.19637716310348638
1	9635	1	2.637419783119701
1	9636	0	1.304491691821979
1	9637	0	3.10781326226954
0	9638	1	0.8665259125697043
1	9639	1	0.4524064921366764
0	9640	1	0.38548215153422705
0	9641	1	1.3515182667232701
0	9642	1	0.26326779570161485
0	9643	1	0.9297994753657507
1	9644	1	1.066968844804686
1	9645	1	0.17217638163269183
1	9646	0	0.08123208108855287
1	9647	0	1.96531509339178
1	9648	1	2.4322275465404024
1	9649	0	0.8078826686857511
0	9650	0	1.49029445154695
1	9651	0	4.0160995922186755
1	9652	1	2.912731022580393
1	9653	1	0.43642303597351745
0	9654	1	1.1761715184033066
1	9655	1	0.12123155128063877
0	9656	1	1.5876091965902155
1	9657	1	0.3039857170872932
1	9658	1	0.11097064901199866
0	9659	1	2.3335581452495098
0	9660	1	0.6351912656250429
1	9661	1	0.20546657922011546
1	9662	0	0.9149620903479214
1	9663	0	1.4642331114192237
1	9664	1	0.8505190757966081
1	9665	1	0.8026572599093733
1	9666	0	1.562260127153494
1	9667	1	1.0526709563863537
1	9668	1	0.4593505251763969
1	9669	0	1.3402675423565098
0	9670	0	1.2849658274039406
0	9671	1	0.9242985646394065
1	9672	1	0.6929171770731042
1	9673	1	0.2130448076042193
0	9674	1	0.4252292767833649
1	9675	1	0.32379206555259077
1	9676	1	1.3559443475389106
1	9677	1	1.1892864906625922
0	9678	1	1.4480932603486512
0	9679	1	1.0787104172134416
1	9680	1	0.6218129066628669
1	9681	0	0.7840612184938107
1	9682	0	2.0600787826797986
1	9683	1	1.7617636009680397
1	9684	1	1.3230941683555257
0	9685	0	3.9996522483932844
1	9686	1	1.4611721459657343
1	9687	1	3.4819610030677897
1	9688	0	0.6773253372060591
0	9689	1	0.33060666176382997
1	9690	1	1.2698577716425958
1	9691	1	0.7896729668554051
1	9692	1	0.6463192653569931
1	9693	0	0.10170604608429167
1	9694	1	1.1370546028657604
1	9695	1	2.099348750473345
0	9696	1	1.8631785020719873
0	9697	1	1.2904384751252003
0	9698	0	1.1193912611567909
0	9699	1	1.2481417964741603
1	9700	0	1.2781809844926277
0	9701	0	1.235715077805044
1	9702	1	1.4311257952125485
1	9703	1	1.3495086310321383
1	9704	0	0.22256615024280554
1	9705	0	0.15901547431288374
1	9706	1	0.22179425988176904
1	9707	1	1.1140540687206464
1	9708	1	0.21965949532780418
1	9709	1	0.4247881066021524
1	9710	0	0.2911730769595914
1	9711	1	0.9564966468778445
0	9712	1	0.7522259621397328
1	9713	1	0.1930098991228368
0	9714	0	0.07025328130041358
0	9715	1	0.9161690551354007
1	9716	1	0.18132127159565428
1	9717	1	1.2665590409944778
1	9718	1	1.069300320750127
1	9719	1	0.1482558965035949
0	9720	1	1.2356386942510953
1	9721	1	1.2954432633521342
1	9722	1	0.37717369531091716
1	9723	1	0.38539066038716113
1	9724	1	0.2267101663826756
1	9725	1	0.5226190620446743
0	9726	1	0.24931451967923118
0	9727	0	0.863246768741651
1	9728	1	0.30327928932820414
0	9729	0	0.9973881436129931
1	9730	1	0.7516091182258361
0	9731	1	0.40202414408534615
1	9732	0	1.8631463993394135
1	9733	1	3.306654566028812
1	9734	1	2.297498598613007
1	9735	1	0.38768979638931317
0	9736	0	0.6898784636512658
1	9737	1	0.11768923887375922
0	9738	1	1.6164512410564078
1	9739	0	0.2508405567831681
1	9740	1	0.6659010848053607
1	9741	0	0.1950913660030629
0	9742	1	0.22892430283297005
1	9743	1	0.42129067215732724
1	9744	0	0.35472395274705043
1	9745	1	1.1929078196458327
0	9746	1	0.39289117214597996
1	9747	1	0.2767317453749576
0	9748	0	0.9613316636621984
1	9749	1	0.2383240534619979
1	9750	1	3.672024195722153
1	9751	1	0.48077306413050985
1	9752	1	0.4384480169033733
0	9753	1	0.8344087544641662
1	9754	1	1.1254721710278865
1	9755	1	2.6555508222580415
1	9756	1	0.08443851418328599
0	9757	0	1.1630886660595507
1	9758	1	1.9194314000602801
1	9759	1	1.4849481908763793
1	9760	1	1.2875606658109682
0	9761	0	1.1932214842219508
1	9762	1	0.6581314659048143
1	9763	1	0.15503276279529468
0	9764	1	0.14596523936623268
0	9765	1	0.31807172476782275
1	9766	1	0.18580480257339724
1	9767	1	1.5651158545219528
1	9768	1	0.15680945555699558
1	9769	1	0.7507498432123308
1	9770	1	0.4843583751499188
1	9771	1	1.0974721847779132
0	9772	1	0.805326687165294
1	9773	1	0.2009663975132865
1	9774	1	1.800277345779045
1	9775	0	1.9006106090904253
1	9776	1	1.5763553651220132
1	9777	1	2.5374472808948956
1	9778	1	0.6611905410755795
1	9779	1	0.14827139812347698
1	9780	1	1.0817564461651155
1	9781	1	1.314002734439997
1	9782	1	1.7153824068493606
0	9783	0	1.1605264124544068
0	9784	0	0.2043065402579734
1	9785	0	1.3870012152622844
0	9786	1	0.15128577950777497
0	9787	1	1.105565286675441
1	9788	0	0.19980779100713728
1	9789	1	1.8504626400758712
1	9790	1	2.1783168690244468
1	9791	1	1.0674545613556121
1	9792	0	2.0698019870802296
1	9793	1	0.9326431732812325
1	9794	1	0.1753801138588084
1	9795	1	0.3789989353744836
1	9796	1	2.303505483990895
1	9797	0	0.5542894104306373
1	9798	1	0.2868939836358265
0	9799	0	0.11379885596434991
1	9800	1	0.34320401319933885
1	9801	1	0.09805613673630585
1	9802	1	1.0268837160920576
0	9803	0	0.40945568261753174
1	9804	1	1.5175663628803766
1	9805	1	1.7911016383649585
0	9806	1	0.848626329279449
0	9807	0	2.640568396363598
1	9808	1	0.4627588543627434
0	9809	0	2.119504386633578
1	9810	1	0.39673194157664704
1	9811	1	0.8974510800891604
1	9812	0	1.3102784775557597
0	9813	1	1.5253167692425975
1	9814	1	1.364430511831131
1	9815	0	1.0033752322377776
1	9816	1	1.268838628994459
1	9817	1	0.3783478341092453
1	9818	1	1.1663993283552332
1	9819	1	0.7453441693370916
1	9820	1	1.374140473287379
1	9821	0	1.5113221319561208
1	9822	1	1.0099233202478424
1	9823	0	1.1891869722055457
1	9824	1	1.3021476664418212
1	9825	1	1.470239339069166
1	9826	1	0.9662740220825955
1	9827	1	1.1039521863434723
1	9828	1	1.1810588625271972
0	9829	1	0.41098670860401815
1	9830	1	1.1030532877961026
0	9831	1	0.3557743592897099
1	9832	1	0.6535302424051986
0	9833	1	0.4369552890948388
0	9834	1	0.21287873447924469
1	9835	1	0.8264991169884074
1	9836	1	0.5210590021120823
1	9837	1	2.4974089875191
1	9838	1	1.3395851820431468
1	9839	1	0.5110474681767433
1	9840	1	1.0048478034633297
1	9841	0	0.44606083551618436
1	9842	1	0.888119736305846
1	9843	1	1.1690814516331365
1	9844	1	1.4660527080124452
0	9845	1	1.2643614943654238
1	9846	1	0.37677924897168963
1	9847	1	0.13577707546306814
1	9848	1	0.3399257732493053
1	9849	1	1.5786203807109203
1	9850	1	1.249480681431542
0	9851	1	0.9713941591680535
1	9852	0	0.9053747020234764
0	9853	1	1.211997833885162
1	9854	1	1.6319308993168393
0	9855	0	0.21049154987086996
1	9856	1	0.6747718598075323
1	9857	1	0.5480135609237986
1	9858	1	0.4658031687965984
1	9859	1	0.1799559180781139
1	9860	1	0.3478425141523385
1	9861	1	0.6581038644446335
1	9862	1	1.1120889950381212
1	9863	1	1.3034158280036545
1	9864	0	1.9075310572583126
1	9865	1	1.2465412916975207
1	9866	1	2.3212499685649437
0	9867	1	1.913917018447792
1	9868	1	0.8147846517505778
1	9869	1	1.5199056185111604
0	9870	1	1.5207954067649538
0	9871	1	0.8565365242212436
0	9872	1	1.0888762278717221
1	9873	0	0.31510819463804857
1	9874	1	0.35816699144101694
1	9875	1	1.7361962930983446
1	9876	1	0.9210079809889363
1	9877	1	0.7638024613495278
1	9878	1	1.3477397976293974
1	9879	1	0.8815054589467627
0	9880	1	0.22170555480328477
0	9881	0	1.434130868512572
1	9882	1	1.19119349637852
1	9883	0	2.268485854968754
1	9884	1	0.3741508285217907
1	9885	1	0.8712728040569323
0	9886	1	0.9930835880286969
1	9887	1	0.48861637134562225
0	9888	0	1.3793690248880561
1	9889	1	1.4649587775879327
1	9890	0	0.19233459661114632
0	9891	0	2.115577770705202
0	9892	1	1.1323988418252051
1	9893	0	1.2493101777927729
1	9894	0	0.4244947195355543
1	9895	1	0.4361252831482446
1	9896	0	0.39415801244683696
1	9897	1	0.375838543378201
0	9898	0	2.0647830376350345
0	9899	1	0.9492575494629631
1	9900	1	1.4221502946020859
1	9901	0	0.2708845444705496
1	9902	1	2.014847814154499
1	9903	1	1.9515084755246273
1	9904	1	1.207326820429876
1	9905	1	1.2801230432735777
0	9906	0	0.11048412879640548
0	9907	0	1.4949848914051354
1	9908	1	2.0435644245042766
1	9909	1	1.4233203786220563
1	9910	1	1.554238580456748
1	9911	1	1.3079146121794505
1	9912	1	0.26729502268473776
1	9913	1	1.2723388514803236
0	9914	0	0.18089537209242548
1	9915	1	0.3293270083565527
1	9916	1	0.1754713185197655
1	9917	1	1.3567209399437543
1	9918	1	1.082745986113959
1	9919	0	2.5624592912922535
1	9920	0	0.9173009773427625
0	9921	1	0.1757887911380379
0	9922	1	1.2910321396017055
1	9923	1	1.1746892124565445
0	9924	0	0.25011203077732863
1	9925	1	1.6233722561522805
1	9926	1	1.024382247008978
0	9927	1	0.15533707569807484
1	9928	1	2.2616707197062715
1	9929	1	1.5505864983215427
1	9930	1	0.053147816486316266
1	9931	1	0.14038256505038316
1	9932	0	1.1009151974545779
1	9933	1	2.1131565785048103
0	9934	1	0.1838277473444712
0	9935	1	0.259285593784407
1	9936	1	1.3621788498457286
1	9937	1	1.531535106053332
0	9938	1	0.9228419893370025
1	9939	1	0.5984392034020815
1	9940	1	1.3482530365189527
1	9941	1	0.5359213615210562
1	9942	1	0.9588800160488576
1	9943	0	0.21112585997825184
1	9944	1	1.46615319068198
0	9945	0	0.20865241157309158
0	9946	1	0.7649205887395167
1	9947	1	0.8814044649505387
1	9948	1	1.0622987189406867
1	9949	1	1.4513148312001913
1	9950	0	0.3698039632527527
1	9951	1	0.6888874298392121
0	9952	1	1.575337321721083
0	9953	0	0.4828368636022919
1	9954	1	0.4162308599836639
0	9955	1	1.0337620728238552
1	9956	0	0.8059284075297313
1	9957	0	0.6891827921676521
1	9958	1	0.10336901546448307
1	9959	1	0.3998451283296256
1	9960	1	1.705216341039843
1	9961	1	0.5038536265999648
0	9962	1	1.2200184788603101
1	9963	1	1.5810201748908632
1	9964	1	0.1691418030968037
1	9965	1	1.3657746775128718
0	9966	1	1.0782251219205932
0	9967	0	0.9696207312103577
1	9968	1	0.5685730856326212
1	9969	1	0.11583285513263428
1	9970	1	1.8061945225677156
0	9971	1	0.15106630231698243
0	9972	1	0.15710475666757645
1	9973	1	1.6225950697141
1	9974	1	1.4726689733752623
1	9975	1	0.20562255066967955
1	9976	1	1.4069431853886945
1	9977	0	0.18126228073860967
1	9978	1	0.20152696834317163
1	9979	1	0.19973810452488466
1	9980	1	1.3225855545961596
1	9981	1	1.443691638000766
0	9982	1	0.9387208931747623
1	9983	1	1.2106944956723393
1	9984	1	1.608721967271662
0	9985	1	1.1934450875924905
0	9986	1	1.780015789376693
1	9987	0	0.10388750020365346
0	9988	1	0.17394854201519702
1	9989	1	0.12751949178976346
1	9990	0	0.29928323864161566
1	9991	0	0.17884965183478066
1	9992	1	0.37500223505172614
1	9993	1	0.6000538977181187
1	9994	1	0.8157605125724394
1	9995	1	1.7869812538362397
1	9996	1	0.9353865405787111
1	9997	1	2.399179704207521
0	9998	1	0.7261256818620143
0	9999	0	0.27844763892865854
