0	4500	1	1.5503702263786792
0	4501	1	0.19782360267145815
1	4502	1	0.3942387502756325
0	4503	1	1.2577240054129366
0	4504	1	1.1787835826042792
1	4505	1	1.3660015762150672
1	4506	1	1.3238681536764847
1	4507	1	0.6024622407377999
0	4508	0	1.3878183295921336
1	4509	1	0.8935986767637821
1	4510	1	1.0608429608622447
1	4511	1	1.3408857547669828
1	4512	0	0.6228666065995798
0	4513	0	0.15240055642960745
1	4514	0	0.27845095711330337
0	4515	1	2.4620369926181294
1	4516	1	0.19685088235239706
1	4517	1	1.0585346609777175
1	4518	1	0.5954908905001097
1	4519	0	0.24567676596275884
0	4520	1	0.12149465223759102
1	4521	0	2.181891221888119
1	4522	1	0.5440591784907133
1	4523	0	1.0954050574455545
1	4524	1	1.3752903525170759
1	4525	1	0.4188621592923853
1	4526	1	0.20098257605939263
0	4527	1	1.4616105577688496
0	4528	1	0.3953147234257617
1	4529	1	0.35323115117989734
1	4530	0	1.8082556434034602
0	4531	0	0.5550737806295641
1	4532	1	0.31081460407480704
1	4533	0	0.5680882072298368
0	4534	1	0.21952388082270877
1	4535	0	0.3439577357079395
0	4536	1	1.4646490484727412
1	4537	1	0.9029205644817514
1	4538	1	0.08334455154577267
1	4539	0	2.729470229377533
0	4540	0	1.4775109678049336
1	4541	1	0.5815233135242561
1	4542	1	0.6152985196131762
1	4543	1	0.42627033289486854
1	4544	1	1.5930388260670794
1	4545	1	1.2056403058635734
1	4546	1	1.693738386081994
1	4547	0	1.5067185142540143
0	4548	1	0.23540521232990255
1	4549	1	0.7517716709196043
1	4550	0	0.1551610331503627
1	4551	1	1.5140785949451776
0	4552	1	0.5039315274506582
1	4553	0	3.4285430337629963
1	4554	1	1.5758732191349767
1	4555	1	1.7037561434860773
1	4556	1	0.712424719260419
1	4557	1	1.3309072086557054
1	4558	0	0.22779773719601035
0	4559	1	1.6123796440638463
1	4560	1	0.503972300714809
1	4561	1	1.5654726419338088
1	4562	0	0.6143819954674649
1	4563	1	0.18340226867817638
1	4564	1	0.3009933939577836
0	4565	1	2.032831853727421
1	4566	1	1.5500118241949925
1	4567	1	0.39430091615682333
1	4568	1	1.0295794036259174
1	4569	1	0.5155199740838834
1	4570	1	1.4060977927678293
1	4571	0	2.2776015921941726
1	4572	1	0.5095990392210833
1	4573	1	1.2311656139813965
1	4574	1	0.17284430454948804
1	4575	1	3.2941127545984816
1	4576	1	1.3441149827380148
1	4577	1	1.4835179331674175
1	4578	0	0.49688783444246704
1	4579	1	0.892070943052202
1	4580	1	0.19635539619370793
1	4581	1	1.1613095210270865
1	4582	0	0.3033930426820708
1	4583	1	0.28360991292379367
1	4584	1	1.2752441108050017
1	4585	1	1.0427266077514687
1	4586	1	0.5084867585603122
1	4587	0	0.18374159876053758
1	4588	1	1.0799608736095967
1	4589	1	0.7836497841042196
1	4590	1	1.2485027259449766
1	4591	1	0.22908833897330314
1	4592	0	0.4802161274323897
1	4593	1	0.971867356908625
1	4594	1	0.9112907533019333
1	4595	1	0.2972590700866695
0	4596	0	1.7157366277599533
1	4597	1	0.6046778313534407
1	4598	0	0.2327275215665835
0	4599	1	1.4779297089734476
1	4600	1	1.1071194336513757
1	4601	0	2.9158114675993523
0	4602	1	0.28389465543397907
0	4603	1	1.4318410515995232
0	4604	0	1.1403715148043336
0	4605	1	1.0388040841927806
0	4606	0	1.6843585553556855
1	4607	1	1.9157805429040482
0	4608	1	1.966459076658196
1	4609	1	0.6243775015346731
1	4610	1	0.8887024553037903
1	4611	1	1.1524721599511085
0	4612	1	1.4890983619178915
1	4613	1	2.8128474816506177
1	4614	1	1.9000796970915814
1	4615	1	0.41425708833003494
0	4616	1	1.1307986446545821
1	4617	1	2.023884979124285
0	4618	1	1.20176150482731
0	4619	0	2.114057379265529
1	4620	1	1.416721771285043
1	4621	1	0.7232735110305902
0	4622	1	0.9611408420433101
0	4623	1	1.4341010743301745
0	4624	1	1.5218189019736306
1	4625	1	0.9818662979560361
1	4626	1	0.2959200044043923
1	4627	1	2.6546335931787683
0	4628	1	1.9624006075432483
1	4629	1	0.23709065118720027
0	4630	0	0.13416693307820937
1	4631	1	0.26674778641423785
1	4632	1	0.3921760200958643
0	4633	1	0.1871831309604366
1	4634	1	0.8027473211308173
1	4635	1	0.504247810898051
1	4636	1	0.1360750124996043
1	4637	1	0.30713142825003226
0	4638	0	0.39894665270943314
0	4639	1	1.1687889639510287
0	4640	1	0.5683898704433981
1	4641	1	0.9423732879876988
1	4642	1	2.091196845830306
0	4643	1	0.8960868779340915
1	4644	0	1.353491603095602
1	4645	1	2.788456179929523
0	4646	0	0.26516508616294926
0	4647	0	0.14421808519700954
1	4648	1	1.9906978669334479
0	4649	1	1.3122215420985943
1	4650	1	0.6261699553237504
1	4651	0	0.18658192501974938
0	4652	0	1.0643061686092041
1	4653	1	0.2749469121272966
1	4654	0	1.5994252233892956
1	4655	1	0.28986974595436976
1	4656	1	0.3375705165453388
0	4657	0	0.7269846380041004
0	4658	1	0.6243859674823476
1	4659	1	0.5893303208411008
1	4660	1	1.8783809652350987
1	4661	1	0.7815044415115395
1	4662	0	1.8384118665718356
1	4663	1	1.3363535310656278
1	4664	1	0.7742999573121966
1	4665	0	1.7779841968994758
0	4666	1	1.3082038168508612
1	4667	0	0.3380189818083702
1	4668	0	0.4477028726800881
0	4669	1	1.405922781653606
0	4670	1	0.2953894023135515
1	4671	1	1.6063233883375365
1	4672	1	0.39945121217719454
1	4673	0	1.016016764087567
1	4674	1	0.20168594198597395
1	4675	1	1.3836453943461335
1	4676	1	0.6157768418972306
1	4677	1	1.2139525212788993
1	4678	1	1.3533012757941425
1	4679	1	0.4118086015567533
1	4680	1	0.5221924861777351
1	4681	1	0.26409258876115016
1	4682	1	1.9715791265130427
0	4683	1	0.21700232766585603
1	4684	1	0.9564157841743897
1	4685	1	1.3926939243005425
0	4686	0	1.3941665253292073
0	4687	1	1.8417450677251606
1	4688	1	3.640768082868522
1	4689	1	0.35941788696910437
0	4690	1	1.2751644206195487
1	4691	1	1.3253643876107981
0	4692	0	1.3588474239680453
0	4693	0	0.2007834487455059
1	4694	1	2.2326087918250095
0	4695	1	1.2742854844534908
1	4696	1	0.747062810424328
1	4697	1	0.8536461369710471
1	4698	0	0.1840790194891162
1	4699	1	0.9757328698799246
1	4700	1	0.7114191954519327
1	4701	1	2.489002154892171
1	4702	0	0.4201786578081956
0	4703	1	0.12886480819316118
1	4704	1	0.21370329968697366
1	4705	1	0.8603697102425119
1	4706	1	0.3083314278286601
0	4707	0	1.531267159097066
1	4708	0	0.4505579248568244
1	4709	1	1.7376972760246467
1	4710	1	1.351293235367025
0	4711	1	0.8189843168099895
0	4712	1	0.2218855724854729
1	4713	1	1.027031170674517
1	4714	1	1.1142792512424071
1	4715	1	0.9843900908491354
0	4716	1	1.0994100666932929
1	4717	1	1.5291653434202048
1	4718	0	2.265171478840604
1	4719	1	1.930533729594416
0	4720	0	1.6562741427138967
0	4721	1	0.24481367121490566
1	4722	1	1.7837066898257474
0	4723	1	1.8088302077149896
1	4724	1	2.2838046468979307
1	4725	1	1.2999648945724083
1	4726	1	0.950874674135238
1	4727	1	0.17025173456722828
0	4728	1	1.0527555457465958
1	4729	1	0.6039649071620493
0	4730	1	1.6276186955242544
0	4731	1	1.9147518044321565
1	4732	1	1.2817168501811824
0	4733	1	0.37299530166100464
0	4734	1	0.3730227500233071
1	4735	1	1.8465034108170606
1	4736	1	1.3663462425724606
1	4737	1	0.3481753430636589
1	4738	1	1.7704810171985235
1	4739	1	1.0797256764072893
0	4740	1	1.5808201065414509
1	4741	1	2.3473333491838853
0	4742	1	2.7437300376679294
1	4743	0	1.79685022751296
1	4744	1	0.1970295772299323
1	4745	1	0.6092021392216013
1	4746	1	0.49986161133342233
1	4747	0	2.2990058963546574
1	4748	1	1.5441190652563639
0	4749	1	0.8968034593556663
0	4750	1	1.786996337543767
1	4751	1	0.1945614651385052
1	4752	0	0.8442141033931886
1	4753	1	0.17090717676173806
1	4754	1	2.5038879876724502
1	4755	1	0.10242982059500164
0	4756	0	1.4104846722739195
1	4757	1	2.0798935244004624
1	4758	1	1.4363245976295491
1	4759	1	0.8126402271610688
1	4760	1	1.6215644067098234
0	4761	0	0.13869191263810654
1	4762	0	0.9089518448653828
1	4763	0	0.2716822577470149
1	4764	1	1.9889977242662653
0	4765	1	1.689665523137395
1	4766	1	0.4707967688196478
1	4767	1	1.4005264602289391
1	4768	1	0.7128697059016389
1	4769	1	2.198661148632193
1	4770	1	0.6447965464451667
0	4771	1	0.2290936792431904
1	4772	1	1.2841678734945254
1	4773	0	1.7956913434837387
1	4774	1	1.7071689963608616
1	4775	0	0.5011359130711448
0	4776	1	3.1544743455743682
1	4777	1	0.12511960043216286
1	4778	1	0.4065802389402871
1	4779	1	0.27482525042431344
1	4780	1	0.4439060346489739
1	4781	1	1.88785750097357
1	4782	0	1.2581845919404486
1	4783	1	1.6814500029063537
1	4784	1	1.3963509937758114
1	4785	1	0.7251466777829354
0	4786	1	1.2612319361793298
1	4787	1	0.794798300965187
0	4788	1	2.823214472060541
0	4789	1	1.3866931138423462
0	4790	1	2.054775400407829
1	4791	0	2.126535437618583
1	4792	1	0.208938721709296
1	4793	1	1.1086617056400414
1	4794	0	0.2600695733519324
0	4795	1	0.4714698963578306
1	4796	1	0.48316400610646243
1	4797	1	1.336519497452194
1	4798	1	0.7936522273491368
1	4799	1	0.2327316238392619
1	4800	1	0.4706643684191468
1	4801	1	2.3308753849381665
1	4802	1	0.29636986126870896
1	4803	0	0.2564098972193156
1	4804	0	0.5086845523056527
1	4805	0	0.043720035479271474
1	4806	1	1.059125836522023
1	4807	0	1.1184816267266433
0	4808	1	0.22364379409376722
1	4809	1	1.9860795569901715
1	4810	1	0.1681078176862848
1	4811	1	1.6393660453444843
1	4812	0	1.1633857638902931
1	4813	1	0.2769758839099928
1	4814	1	2.2911262768022267
0	4815	1	1.3357627699234738
1	4816	1	2.074165762156061
1	4817	1	1.4492066009195232
1	4818	1	1.622882807129755
1	4819	1	1.371808338276077
0	4820	1	2.6584378945400933
1	4821	1	2.069556039060354
1	4822	1	2.942407526445815
1	4823	1	1.3668305167987167
1	4824	0	1.079084394481431
0	4825	0	0.11677804265894962
1	4826	1	0.39176696499464403
0	4827	1	0.5718766137327035
1	4828	1	1.618721862535251
1	4829	1	0.1599101870194698
0	4830	0	0.914769393450557
1	4831	1	0.5167323592665111
1	4832	0	0.8390527996826892
1	4833	1	0.2805262350041493
0	4834	1	0.25616932330946146
0	4835	0	1.4320567684066994
0	4836	1	0.24392078861147184
1	4837	1	1.7776118502733782
1	4838	1	0.21389286219050146
0	4839	0	1.3841808452301079
1	4840	1	0.5602675380450537
1	4841	1	1.132857057059553
1	4842	1	0.4827255053918235
1	4843	0	1.3098066619304674
0	4844	1	2.5965238077128596
0	4845	1	1.1166646484660805
0	4846	1	0.5123288802090136
1	4847	1	0.9861666847197625
1	4848	1	0.20168359536165845
0	4849	1	1.30427597855451
1	4850	1	0.6725876735355275
1	4851	1	0.7785805409921022
1	4852	0	1.1589811862092083
1	4853	1	0.9291872751666849
1	4854	1	1.2052451873101782
1	4855	1	0.696416310738624
1	4856	1	1.2220174135459865
1	4857	0	1.2068285945768114
0	4858	0	0.23177704054824427
0	4859	0	1.6441321154998123
0	4860	1	0.8705480523154807
1	4861	0	0.2958397331441752
1	4862	0	0.08151327408468657
0	4863	0	1.665231480571631
1	4864	1	1.6071620153710937
1	4865	0	1.004481981679419
1	4866	1	1.3831019800417088
1	4867	1	1.788208835229
0	4868	0	2.668793292576596
1	4869	0	0.6627297779397006
1	4870	1	1.834020454702902
1	4871	1	0.617651472225804
1	4872	1	0.9175728313284847
1	4873	1	1.0696199520124068
1	4874	1	1.0594705517297693
1	4875	1	1.9887837701310611
1	4876	0	0.2029665721415852
1	4877	1	0.17662264498272529
1	4878	0	0.9398989554882516
1	4879	1	1.7343122591948101
0	4880	0	2.226084697847542
1	4881	0	0.1097854761474543
1	4882	1	0.32156852221955895
1	4883	1	0.9981321899621204
0	4884	0	1.6573303748951527
1	4885	1	1.419017063682179
1	4886	1	2.0475855987464815
1	4887	1	0.30966917896658974
1	4888	0	0.684638060770278
1	4889	1	3.925103073884117
1	4890	0	0.1725844902566498
0	4891	1	0.8648231063720573
1	4892	1	0.1739654703541054
1	4893	1	1.0216823947439195
1	4894	1	1.4357697800692975
1	4895	0	1.3888350459368506
0	4896	0	1.6218642522779743
0	4897	1	1.1586230220870402
1	4898	1	2.373872423322685
1	4899	1	3.566222531036935
1	4900	1	1.320423670392936
0	4901	1	1.4143252596806652
1	4902	1	0.23296666054496404
1	4903	1	1.0024680330624793
1	4904	0	2.506758242580354
1	4905	1	1.8551272925869857
1	4906	1	0.3826534227764437
1	4907	1	0.6950609299550999
0	4908	1	2.415723023651399
0	4909	1	0.8038449180767967
1	4910	0	1.6658270175138987
1	4911	0	0.37271784010494674
1	4912	1	1.4627801151758675
1	4913	0	0.19147365898083607
0	4914	1	0.9986101658705177
0	4915	1	0.1648739198890063
0	4916	1	2.7033392755359014
0	4917	1	0.5352339305208709
0	4918	1	2.5485679078975876
1	4919	1	1.5586474855171182
0	4920	1	0.14141679907454607
0	4921	1	0.2242579451187502
1	4922	1	0.3064800612004969
0	4923	0	0.5923772351298539
1	4924	1	1.4507218576586167
1	4925	1	0.7759649746812949
1	4926	1	1.2789166529835347
1	4927	1	0.20366019176277947
0	4928	1	1.0337912940246103
1	4929	1	1.395713211999574
1	4930	1	1.3629240761531212
0	4931	0	0.6001773362796288
0	4932	0	1.8347499304790365
1	4933	1	1.652276931473587
0	4934	1	0.19517250304486788
1	4935	1	0.27822487036389115
1	4936	1	0.380436162430385
0	4937	1	1.595631742757163
1	4938	0	0.9275743317482074
1	4939	1	1.6958135421502962
1	4940	1	0.17294597191630098
1	4941	1	1.5184236419302415
1	4942	1	1.9720956135771375
0	4943	1	0.3587473118913767
1	4944	1	0.20266314135522798
1	4945	1	1.3195203404734623
1	4946	1	0.26680263753765104
0	4947	1	1.8330745206593295
0	4948	1	0.2675258191675812
1	4949	1	1.0833282449388442
1	4950	1	2.2130828655726145
1	4951	1	0.7269587880762294
1	4952	1	0.1739398754724315
1	4953	0	0.6076975847376911
1	4954	1	0.18190418546619835
1	4955	1	0.8835446993723081
0	4956	0	0.9046247414238723
1	4957	1	0.6728901969856385
1	4958	0	1.104139492412792
0	4959	1	0.06262504148627308
1	4960	1	2.152971359220146
0	4961	1	1.3421124757616485
1	4962	1	1.2354950806103044
1	4963	1	1.3755525884352366
1	4964	0	0.2870103864948785
1	4965	1	0.054040130372991484
0	4966	0	1.3805681444752402
1	4967	1	0.29580630271743413
1	4968	1	1.9959907906950554
0	4969	1	1.4588800297928093
1	4970	1	0.6740177290163545
0	4971	1	0.2351118550881219
0	4972	0	1.2540841425914155
0	4973	1	1.3766221832474823
1	4974	1	1.0769050349534022
1	4975	1	1.4607823851533361
1	4976	1	2.429297525447614
0	4977	1	0.9153365535554082
1	4978	1	1.3092774234889855
0	4979	1	1.444614299721553
1	4980	1	0.28472629033351726
1	4981	1	0.7486987234814212
1	4982	0	0.30695835323419396
1	4983	1	0.33954656677338857
1	4984	1	1.030936396293698
1	4985	0	0.24659850652526685
1	4986	1	1.225370481787836
0	4987	1	1.5864229318166296
1	4988	0	1.8545545853929744
1	4989	1	1.5962595197564615
1	4990	1	0.1660710299597945
1	4991	1	1.734001275027668
1	4992	0	0.8240034905578958
1	4993	1	0.7101921854548522
1	4994	1	1.260520900863297
0	4995	0	1.1648360652347047
1	4996	1	1.8845869720123662
0	4997	1	0.2623082673860545
1	4998	1	1.4082096121243939
0	4999	1	0.48139568677680583
